oid,site,kind,region,cluster,type,x,y,r_px,d_px,area_px,d_um,area_um2,fit_rms,edge_cov,used,reject
P1,1,pad,5,4,single,65.93,18.89,15.75,31.5,779.2,,,0.38,0.58,0,near image border
B1,1,bump,5,4,single,62.58,16.56,11.42,22.85,410.0,,,0.7,0.72,0,near image border
P2,2,pad,5,4,single,265.76,17.59,18.98,37.97,1132.2,,,0.5,0.88,0,near image border
B2,2,bump,5,4,single,262.28,18.99,14.94,29.88,701.1,,,0.46,0.89,0,near image border
P3,3,pad,5,4,single,426.16,15.76,18.72,37.44,1100.8,,,0.74,0.86,0,near image border
B3,3,bump,5,4,single,423.49,18.3,14.52,29.05,662.6,,,0.59,0.81,0,near image border
P4,4,pad,5,4,two-level,744.16,14.31,15.26,30.52,731.6,,,0.86,0.14,0,near image border
B4,4,bump,5,4,two-level,741.06,15.33,10.12,20.24,321.6,,,0.34,0.96,0,near image border
P5,5,pad,5,4,two-level,1426.52,19.78,15.26,30.52,731.6,,,1.75,0.19,0,near image border
B5,5,bump,5,4,two-level,1428.85,21.41,10.38,20.77,338.8,,,0.32,0.9,0,near image border
P6,6,pad,6,6,single,2622.8,6.6,17.04,34.08,912.1,,,0.52,0.64,0,no bump circle
P7,7,pad,0,0,single,30.91,25.84,28.12,56.25,2484.6,,,0.7,0.89,0,near image border
B7,7,bump,0,0,single,25.82,25.77,22.91,45.81,1648.3,,,0.71,0.85,0,near image border
P8,8,pad,5,4,single,114.75,21.06,18.89,37.78,1121.1,,,0.76,0.69,0,near image border
B8,8,bump,5,4,single,114.75,21.06,15.62,31.23,766.2,,,0.62,0.79,0,near image border
P9,9,pad,2,2,single,348.29,56.18,20.17,40.35,1278.6,,,0.63,0.89,1,
B9,9,bump,2,2,single,348.29,56.18,18.46,36.91,1070.2,,,0.34,0.99,1,
P10,10,pad,5,4,single,388.12,35.21,19.18,38.37,1156.0,,,0.61,0.97,1,
B10,10,bump,5,4,single,391.94,33.0,13.67,27.34,587.1,,,0.56,0.94,1,
P11,11,pad,5,4,single,456.54,39.06,19.82,39.64,1234.0,,,0.36,0.86,0,bump radius 17.3 vs median 14.1
B11,11,bump,5,4,single,456.37,38.18,17.31,34.62,941.4,,,0.35,0.94,0,bump radius 17.3 vs median 14.1
P12,12,pad,2,2,single,504.42,59.49,14.94,29.89,701.6,,,0.34,0.75,0,bump radius 10.7 vs median 18.0
B12,12,bump,2,2,single,501.3,61.71,10.73,21.45,361.4,,,0.43,1.0,0,bump radius 10.7 vs median 18.0
P13,13,pad,5,4,single,619.43,34.87,19.91,39.82,1245.6,,,0.27,0.88,0,bump radius 17.2 vs median 14.1
B13,13,bump,5,4,single,618.68,34.32,17.25,34.49,934.3,,,0.3,1.0,0,bump radius 17.2 vs median 14.1
P14,14,pad,2,2,single,668.65,52.97,21.23,42.47,1416.3,,,0.33,0.85,1,
B14,14,bump,2,2,single,668.74,52.98,19.22,38.44,1160.4,,,0.25,0.9,1,
P15,15,pad,5,4,single,779.99,31.34,18.05,36.1,1023.7,,,0.31,0.65,0,bump radius 16.4 vs median 14.1
B15,15,bump,5,4,single,780.0,31.13,16.36,32.73,841.3,,,0.35,0.75,0,bump radius 16.4 vs median 14.1
P16,16,pad,2,2,single,829.82,46.3,18.94,37.89,1127.3,,,0.3,0.94,0,bump radius 15.7 vs median 18.0
B16,16,bump,2,2,single,829.82,46.3,15.67,31.34,771.3,,,0.31,1.0,0,bump radius 15.7 vs median 18.0
P17,17,pad,2,2,single,940.22,30.37,19.71,39.41,1219.9,,,0.32,0.93,1,
B17,17,bump,2,2,single,940.22,30.37,17.89,35.77,1005.1,,,0.29,1.0,1,
P18,18,pad,2,2,single,989.6,49.71,17.28,34.55,937.7,,,0.28,0.89,0,bump radius 12.7 vs median 18.0
B18,18,bump,2,2,single,985.63,52.0,12.67,25.34,504.4,,,0.39,0.92,0,bump radius 12.7 vs median 18.0
P19,19,pad,2,2,single,1103.92,27.46,20.28,40.56,1292.1,,,0.33,0.9,0,near image border
B19,19,bump,2,2,single,1103.75,27.07,17.77,35.54,992.0,,,0.37,0.97,0,near image border
P20,20,pad,2,2,single,1152.09,43.61,21.45,42.9,1445.2,,,0.34,0.9,1,
B20,20,bump,2,2,single,1152.13,43.67,18.09,36.19,1028.4,,,0.38,0.97,1,
P21,21,pad,5,4,single,1204.12,28.01,14.32,28.64,644.2,,,0.44,0.86,0,pad radius 14.3 vs median 18.5
B21,21,bump,5,4,single,1204.12,28.01,12.93,25.86,525.4,,,0.71,1.0,0,pad radius 14.3 vs median 18.5
P22,22,pad,5,4,single,1264.23,24.07,18.27,36.54,1048.5,,,0.34,0.64,0,near image border
B22,22,bump,5,4,single,1264.1,23.93,16.82,33.65,889.2,,,0.29,0.62,0,near image border
P23,23,pad,6,5,two-level,2071.0,32.71,21.63,43.26,1469.6,,,1.83,0.15,0,low contrast 67 vs median 140
B23,23,bump,6,5,two-level,2073.48,25.35,15.18,30.36,723.7,,,0.25,0.92,0,low contrast 67 vs median 140
P24,24,pad,2,2,single,186.19,60.32,21.2,42.41,1412.6,,,0.29,0.86,1,
B24,24,bump,2,2,single,185.57,60.37,18.9,37.81,1122.8,,,0.44,1.0,1,
P25,25,pad,1,1,single,377.76,83.35,20.7,41.41,1346.7,,,0.3,0.86,1,
B25,25,bump,1,1,single,377.42,82.91,18.21,36.43,1042.3,,,0.33,1.0,1,
P26,26,pad,2,2,single,539.9,80.45,20.77,41.55,1355.7,,,0.28,0.89,1,
B26,26,bump,2,2,single,539.12,79.93,18.22,36.45,1043.2,,,0.29,0.96,1,
P27,27,pad,2,2,single,589.62,97.15,20.98,41.95,1382.2,,,0.29,0.86,1,
B27,27,bump,2,2,single,589.26,97.04,18.17,36.33,1036.9,,,0.34,1.0,1,
P28,28,pad,1,1,single,862.75,74.79,20.07,40.15,1266.0,,,0.31,0.89,1,
B28,28,bump,1,1,single,862.31,74.52,17.34,34.67,944.1,,,0.31,1.0,1,
P29,29,pad,2,2,single,911.29,91.42,21.14,42.28,1404.1,,,0.34,0.89,1,
B29,29,bump,2,2,single,911.76,91.43,18.85,37.7,1116.3,,,0.33,0.94,1,
P30,30,pad,2,2,single,1023.94,72.11,20.27,40.53,1290.2,,,0.33,0.9,1,
B30,30,bump,2,2,single,1023.31,71.71,17.74,35.47,988.4,,,0.29,1.0,1,
P31,31,pad,2,2,single,1073.59,88.84,20.96,41.92,1380.4,,,0.3,0.86,1,
B31,31,bump,2,2,single,1073.3,88.74,18.43,36.86,1066.9,,,0.33,1.0,1,
P32,32,pad,1,1,single,1184.3,69.89,19.25,38.5,1164.0,,,0.28,0.69,0,bump radius 15.8 vs median 18.2
B32,32,bump,1,1,single,1181.8,70.03,15.81,31.61,785.0,,,0.54,1.0,0,bump radius 15.8 vs median 18.2
P33,33,pad,2,2,single,1346.5,67.23,20.75,41.51,1353.1,,,0.33,0.86,1,
B33,33,bump,2,2,single,1346.73,66.79,18.23,36.45,1043.7,,,0.31,1.0,1,
P34,34,pad,6,6,single,2015.7,64.4,16.28,32.55,832.2,,,0.33,0.96,0,bump radius 12.4 vs median 16.8
B34,34,bump,6,6,single,2015.33,63.08,12.38,24.76,481.5,,,0.42,1.0,0,bump radius 12.4 vs median 16.8
P35,35,pad,3,3,two-level,2348.13,96.97,23.48,46.95,1731.6,,,0.88,0.25,1,
B35,35,bump,3,3,two-level,2352.54,94.22,18.0,36.0,1017.7,,,0.34,1.0,1,
P36,36,pad,3,3,two-level,2528.19,93.42,22.83,45.67,1637.8,,,0.35,1.0,1,
B36,36,bump,3,3,two-level,2531.75,92.25,17.7,35.4,984.2,,,0.3,1.0,1,
P37,37,pad,3,3,two-level,2619.18,90.71,22.73,45.46,1623.3,,,0.47,1.0,1,
B37,37,bump,3,3,two-level,2622.26,89.9,17.32,34.63,941.9,,,0.33,1.0,1,
P38,38,pad,6,5,two-level,2710.93,88.92,20.69,41.38,1344.8,,,0.49,1.0,1,
B38,38,bump,6,5,two-level,2710.76,88.42,16.66,33.33,872.4,,,0.39,1.0,1,
P39,39,pad,1,1,single,427.92,100.23,21.19,42.37,1410.3,,,0.3,0.86,1,
B39,39,bump,1,1,single,427.63,100.04,19.04,38.07,1138.4,,,0.32,0.92,1,
P40,40,pad,1,1,single,458.01,124.34,20.27,40.55,1291.2,,,0.38,0.89,1,
B40,40,bump,1,1,single,458.01,124.34,18.33,36.66,1055.8,,,0.32,0.94,1,
P41,41,pad,1,1,single,620.33,121.27,20.37,40.75,1303.9,,,0.32,0.86,1,
B41,41,bump,1,1,single,619.87,121.15,17.87,35.74,1003.4,,,0.33,1.0,1,
P42,42,pad,1,1,single,670.22,139.44,20.78,41.55,1356.0,,,0.5,0.88,1,
B42,42,bump,1,1,single,670.22,139.44,19.53,39.06,1198.0,,,0.3,0.92,1,
P43,43,pad,1,1,two-level,877.95,116.97,21.06,42.13,1393.8,,,1.47,0.25,0,inner fit unreliable
B43,43,bump,1,1,two-level,879.94,117.22,13.71,27.42,590.4,,,0.77,1.0,0,inner fit unreliable
P44,44,pad,1,1,single,942.28,116.65,20.21,40.41,1282.6,,,0.3,0.88,1,
B44,44,bump,1,1,single,942.22,116.56,18.04,36.09,1022.8,,,0.33,0.96,1,
P45,45,pad,1,1,single,993.48,134.73,21.86,43.71,1500.7,,,0.29,0.86,1,
B45,45,bump,1,1,single,992.81,134.66,19.35,38.69,1175.7,,,0.33,0.94,1,
P46,46,pad,1,1,single,1104.48,113.98,20.45,40.89,1313.4,,,0.27,0.86,1,
B46,46,bump,1,1,single,1104.7,113.18,17.68,35.36,981.8,,,0.29,1.0,1,
P47,47,pad,1,1,single,1153.99,131.68,21.02,42.03,1387.7,,,0.35,0.88,1,
B47,47,bump,1,1,single,1153.99,131.68,19.68,39.36,1216.6,,,0.37,0.93,1,
P48,48,pad,2,2,single,187.01,147.07,20.63,41.25,1336.4,,,0.31,0.88,1,
B48,48,bump,2,2,single,185.68,146.5,16.78,33.55,884.1,,,0.62,1.0,1,
P49,49,pad,1,1,two-level,215.22,174.81,21.06,42.13,1393.8,,,0.86,0.25,0,inner fit unreliable
B49,49,bump,1,1,two-level,215.58,175.95,14.12,28.25,626.7,,,0.46,0.85,0,inner fit unreliable
P50,50,pad,1,1,single,379.42,168.92,20.45,40.91,1314.2,,,0.33,0.86,1,
B50,50,bump,1,1,single,379.16,168.82,17.75,35.5,990.1,,,0.37,0.99,1,
P51,51,pad,1,1,single,510.08,142.27,21.23,42.47,1416.4,,,0.32,0.85,1,
B51,51,bump,1,1,single,509.8,142.16,19.2,38.41,1158.5,,,0.33,0.9,1,
P52,52,pad,1,1,single,540.19,165.36,18.72,37.45,1101.2,,,0.23,0.69,0,bump radius 15.8 vs median 18.2
B52,52,bump,1,1,single,541.35,164.13,15.79,31.58,783.1,,,0.29,1.0,0,bump radius 15.8 vs median 18.2
P53,53,pad,1,1,single,640.74,170.42,15.08,30.16,714.5,,,0.49,1.0,0,bump radius 12.0 vs median 18.2
B53,53,bump,1,1,single,640.74,170.42,11.95,23.91,448.9,,,0.37,1.0,0,bump radius 12.0 vs median 18.2
P54,54,pad,1,1,single,700.58,164.26,19.4,38.81,1182.9,,,0.28,0.9,1,
B54,54,bump,1,1,single,700.64,163.71,16.86,33.72,893.0,,,0.34,1.0,1,
P55,55,pad,1,1,single,863.72,161.72,20.38,40.75,1304.2,,,0.28,0.88,1,
B55,55,bump,1,1,single,863.37,161.43,17.92,35.85,1009.4,,,0.3,1.0,1,
P56,56,pad,1,1,single,913.45,178.93,21.65,43.3,1472.3,,,0.26,0.85,1,
B56,56,bump,1,1,single,913.06,178.65,19.62,39.24,1209.2,,,0.3,0.93,1,
P57,57,pad,1,1,single,1024.61,158.33,19.23,38.45,1161.3,,,0.21,0.65,1,
B57,57,bump,1,1,single,1024.57,158.09,17.4,34.81,951.7,,,0.33,0.79,1,
P58,58,pad,1,1,single,1075.31,170.44,18.51,37.03,1076.9,,,0.53,0.94,1,
B58,58,bump,1,1,single,1075.31,170.44,16.28,32.56,832.7,,,0.39,0.94,1,
P59,59,pad,1,1,single,1185.1,156.62,20.31,40.62,1295.8,,,0.33,0.89,1,
B59,59,bump,1,1,single,1185.25,156.35,17.75,35.5,990.0,,,0.27,1.0,1,
P60,60,pad,1,1,two-level,1233.74,178.79,21.06,42.13,1393.8,,,0.31,0.11,0,inner fit unreliable
B60,60,bump,1,1,two-level,1231.04,178.64,13.67,27.33,586.7,,,0.41,1.0,0,inner fit unreliable
P61,61,pad,2,2,single,1347.97,153.67,20.58,41.17,1331.1,,,0.32,0.92,1,
B61,61,bump,2,2,single,1347.82,153.49,17.72,35.45,986.9,,,0.29,1.0,1,
P62,62,pad,6,5,two-level,2707.8,179.14,23.48,46.95,1731.6,,,0.99,0.15,1,
B62,62,bump,6,5,two-level,2712.23,178.79,17.57,35.14,969.9,,,0.37,1.0,1,
P63,63,pad,1,1,single,299.46,214.22,20.74,41.48,1351.3,,,0.29,0.83,1,
B63,63,bump,1,1,single,299.24,213.61,18.39,36.79,1062.9,,,0.29,1.0,1,
P64,64,pad,1,1,single,429.64,186.29,21.12,42.25,1401.9,,,0.31,0.88,1,
B64,64,bump,1,1,single,429.39,186.35,19.06,38.11,1140.8,,,0.32,0.93,1,
P65,65,pad,1,1,single,591.44,182.43,20.51,41.02,1321.5,,,0.31,0.89,1,
B65,65,bump,1,1,single,590.56,180.81,16.36,32.72,840.7,,,0.32,0.88,1,
P66,66,pad,1,1,single,622.23,208.3,20.65,41.3,1339.5,,,0.29,0.83,1,
B66,66,bump,1,1,single,621.93,208.31,18.5,37.0,1075.3,,,0.31,1.0,1,
P67,67,pad,1,1,single,751.05,180.75,18.91,37.83,1123.7,,,0.32,0.65,0,no bump circle
P68,68,pad,1,1,single,783.19,205.63,20.21,40.41,1282.6,,,0.29,0.86,1,
B68,68,bump,1,1,single,782.96,205.55,17.41,34.81,951.7,,,0.29,1.0,1,
P69,69,pad,1,1,single,943.6,202.93,19.12,38.23,1147.9,,,0.32,0.68,1,
B69,69,bump,1,1,single,943.4,202.86,17.36,34.72,946.7,,,0.47,0.88,1,
P70,70,pad,1,1,single,1106.45,201.13,20.73,41.46,1349.7,,,0.29,0.9,1,
B70,70,bump,1,1,single,1106.57,200.84,18.55,37.1,1080.9,,,0.32,1.0,1,
P71,71,pad,1,1,single,1156.51,217.71,21.21,42.43,1413.9,,,0.34,0.86,1,
B71,71,bump,1,1,single,1156.39,216.99,18.08,36.17,1027.4,,,0.52,1.0,1,
P72,72,pad,1,1,two-level,1262.11,214.1,21.06,42.13,1393.8,,,1.16,0.11,1,
B72,72,bump,1,1,two-level,1266.5,198.02,18.38,36.76,1061.3,,,0.3,1.0,1,
P73,73,pad,1,1,single,1316.94,215.45,21.31,42.62,1426.8,,,0.33,0.79,1,
B73,73,bump,1,1,single,1316.92,214.97,18.7,37.41,1099.0,,,0.34,0.92,1,
P74,74,pad,3,3,single,1972.05,196.14,18.58,37.16,1084.8,,,0.96,0.75,0,pad radius 18.6 vs median 23.5
B74,74,bump,3,3,single,1972.05,196.14,15.76,31.51,780.0,,,0.91,0.82,0,pad radius 18.6 vs median 23.5
P75,75,pad,3,3,two-level,2529.4,182.27,23.48,46.95,1731.6,,,1.63,0.22,1,
B75,75,bump,3,3,two-level,2531.99,181.6,17.36,34.73,947.1,,,0.3,1.0,1,
P76,76,pad,3,3,two-level,2622.1,180.27,22.18,44.37,1545.9,,,0.42,0.88,1,
B76,76,bump,3,3,two-level,2623.26,180.38,17.37,34.73,947.6,,,0.4,1.0,1,
P77,77,pad,2,2,single,189.32,232.94,20.97,41.94,1381.2,,,0.37,0.86,1,
B77,77,bump,2,2,single,189.4,233.0,18.78,37.57,1108.6,,,0.34,0.92,1,
P78,78,pad,1,1,single,218.91,258.37,19.99,39.99,1256.0,,,0.32,0.83,1,
B78,78,bump,1,1,single,217.88,257.71,17.87,35.74,1003.3,,,0.25,0.99,1,
P79,79,pad,1,1,single,352.14,230.94,21.34,42.69,1431.2,,,0.36,0.85,1,
B79,79,bump,1,1,single,351.57,231.19,18.38,36.76,1061.2,,,0.4,0.92,1,
P80,80,pad,1,1,single,381.27,255.72,20.75,41.5,1352.9,,,0.29,0.83,1,
B80,80,bump,1,1,single,381.03,255.55,18.74,37.48,1103.2,,,0.27,0.89,1,
P81,81,pad,1,1,single,671.87,225.21,20.91,41.82,1373.6,,,0.31,0.89,1,
B81,81,bump,1,1,single,671.67,225.36,18.45,36.89,1069.1,,,0.32,1.0,1,
P82,82,pad,1,1,single,702.62,250.57,20.78,41.55,1356.1,,,0.28,0.88,1,
B82,82,bump,1,1,single,702.51,250.63,18.72,37.44,1101.0,,,0.27,1.0,1,
P83,83,pad,1,1,single,800.6,254.87,17.75,35.51,990.3,,,0.62,0.88,0,inner fit unreliable
B83,83,bump,1,1,single,804.3,254.75,13.7,27.39,589.4,,,0.45,0.97,0,inner fit unreliable
P84,84,pad,1,1,single,834.41,223.22,21.1,42.21,1399.2,,,0.31,0.76,1,
B84,84,bump,1,1,single,834.08,222.84,18.98,37.96,1131.8,,,0.3,1.0,1,
P85,85,pad,1,1,single,864.65,247.72,20.39,40.78,1306.1,,,0.32,0.83,1,
B85,85,bump,1,1,single,864.66,247.37,17.83,35.66,998.8,,,0.31,1.0,1,
P86,86,pad,1,1,single,1123.62,241.47,15.0,30.0,706.9,,,0.34,0.71,0,no bump circle
P87,87,pad,1,1,single,1186.84,243.31,20.24,40.48,1286.9,,,0.29,0.93,1,
B87,87,bump,1,1,single,1186.78,243.21,17.59,35.19,972.5,,,0.32,1.0,1,
P88,88,pad,2,2,single,1348.84,240.16,20.18,40.36,1279.5,,,0.31,0.92,1,
B88,88,bump,2,2,single,1349.14,239.74,17.44,34.89,956.0,,,0.34,1.0,1,
P89,89,pad,2,2,single,111.47,277.56,20.0,39.99,1256.2,,,0.35,0.62,1,
B89,89,bump,2,2,single,111.04,277.34,18.61,37.22,1088.1,,,0.37,0.81,1,
P90,90,pad,1,1,single,272.24,275.1,21.48,42.95,1449.1,,,0.31,0.83,1,
B90,90,bump,1,1,single,271.61,274.98,18.62,37.25,1089.6,,,0.34,1.0,1,
P91,91,pad,1,1,single,431.53,272.04,21.57,43.15,1462.1,,,0.28,0.82,1,
B91,91,bump,1,1,single,431.59,272.25,19.64,39.27,1211.5,,,0.3,0.92,1,
P92,92,pad,1,1,single,460.55,298.02,19.63,39.27,1211.0,,,0.34,0.76,1,
B92,92,bump,1,1,single,460.58,298.52,16.95,33.91,903.0,,,0.33,0.96,1,
P93,93,pad,1,1,single,624.18,295.39,20.27,40.55,1291.3,,,0.31,0.89,1,
B93,93,bump,1,1,single,623.89,295.09,17.72,35.44,986.3,,,0.3,1.0,1,
P94,94,pad,1,1,single,753.19,266.34,21.36,42.72,1433.2,,,0.3,0.89,1,
B94,94,bump,1,1,single,752.88,266.3,18.39,36.78,1062.5,,,0.41,1.0,1,
P95,95,pad,1,1,single,784.37,291.62,19.11,38.22,1147.1,,,0.24,0.68,1,
B95,95,bump,1,1,single,784.33,291.69,17.38,34.76,949.1,,,0.32,0.81,1,
P96,96,pad,1,1,single,915.26,264.93,21.28,42.56,1422.4,,,0.29,0.83,1,
B96,96,bump,1,1,single,914.78,265.32,18.9,37.81,1122.5,,,0.31,0.97,1,
P97,97,pad,1,1,single,944.99,290.46,20.48,40.97,1318.3,,,0.3,0.83,1,
B97,97,bump,1,1,single,945.12,289.96,18.7,37.39,1098.2,,,0.3,1.0,1,
P98,98,pad,1,1,single,1107.46,286.58,20.3,40.59,1294.1,,,0.27,0.83,1,
B98,98,bump,1,1,single,1107.4,286.85,17.85,35.71,1001.5,,,0.32,1.0,1,
P99,99,pad,1,1,single,1236.31,260.02,20.91,41.82,1373.7,,,0.32,0.89,1,
B99,99,bump,1,1,single,1236.31,260.02,19.27,38.54,1166.4,,,0.33,0.92,1,
P100,100,pad,1,1,single,1268.15,283.8,18.8,37.59,1110.1,,,0.3,0.68,1,
B100,100,bump,1,1,single,1268.33,283.5,17.17,34.35,926.6,,,0.45,0.88,1,
P101,101,pad,3,3,two-level,2351.76,275.51,23.48,46.95,1731.6,,,1.19,0.28,1,
B101,101,bump,3,3,two-level,2354.19,273.81,17.26,34.51,935.5,,,0.37,1.0,1,
P102,102,pad,3,3,two-level,2441.28,273.79,23.48,46.95,1731.6,,,1.9,0.15,1,
B102,102,bump,3,3,two-level,2443.48,273.76,16.49,32.98,854.0,,,0.36,1.0,1,
P103,103,pad,3,3,two-level,2530.15,270.87,23.48,46.95,1731.6,,,1.29,0.25,1,
B103,103,bump,3,3,two-level,2533.48,271.22,17.23,34.46,932.4,,,0.27,1.0,1,
P104,104,pad,3,3,two-level,2621.07,270.65,23.48,46.95,1731.6,,,1.21,0.22,1,
B104,104,bump,3,3,two-level,2623.37,270.18,17.07,34.13,915.0,,,0.36,1.0,1,
P105,105,pad,6,5,two-level,2711.74,269.36,23.07,46.15,1672.4,,,0.41,0.96,1,
B105,105,bump,6,5,two-level,2714.13,268.36,17.09,34.17,917.1,,,0.27,1.0,1,
P106,106,pad,1,1,single,140.66,303.6,20.38,40.76,1305.0,,,0.27,0.86,1,
B106,106,bump,1,1,single,139.99,302.74,17.49,34.99,961.3,,,0.26,1.0,1,
P107,107,pad,1,1,single,191.69,319.93,21.4,42.81,1439.1,,,0.32,0.85,1,
B107,107,bump,1,1,single,191.01,319.76,19.11,38.21,1146.9,,,0.33,0.92,1,
P108,108,pad,1,1,single,300.98,300.02,19.15,38.3,1152.2,,,0.37,0.78,1,
B108,108,bump,1,1,single,300.85,299.68,17.41,34.81,952.0,,,0.45,1.0,1,
P109,109,pad,1,1,single,352.41,316.7,21.56,43.13,1460.7,,,0.3,0.86,1,
B109,109,bump,1,1,single,351.47,316.84,18.61,37.22,1088.1,,,0.35,1.0,1,
P110,110,pad,1,1,single,400.37,303.96,15.34,30.69,739.5,,,0.37,0.9,0,bump radius 13.7 vs median 18.2
B110,110,bump,1,1,single,400.37,303.96,13.68,27.37,588.3,,,0.31,0.97,0,bump radius 13.7 vs median 18.2
P111,111,pad,1,1,single,543.58,339.6,20.24,40.47,1286.4,,,0.29,0.86,1,
B111,111,bump,1,1,single,543.06,339.2,17.81,35.62,996.6,,,0.37,0.97,1,
P112,112,pad,1,1,single,673.23,312.06,21.26,42.52,1420.0,,,0.31,0.81,1,
B112,112,bump,1,1,single,673.02,312.32,19.16,38.32,1153.3,,,0.35,0.94,1,
P113,113,pad,1,1,single,835.74,308.29,20.72,41.44,1348.9,,,0.32,0.88,1,
B113,113,bump,1,1,single,835.53,308.75,18.16,36.32,1036.1,,,0.33,0.92,1,
P114,114,pad,1,1,single,866.38,334.81,20.7,41.39,1345.8,,,0.29,0.88,1,
B114,114,bump,1,1,single,866.18,334.42,18.71,37.41,1099.3,,,0.27,0.97,1,
P115,115,pad,1,1,single,964.57,329.61,14.29,28.57,641.2,,,0.52,1.0,0,bump radius 11.1 vs median 18.2
B115,115,bump,1,1,single,964.57,329.61,11.14,22.28,389.9,,,0.33,0.93,0,bump radius 11.1 vs median 18.2
P116,116,pad,1,1,single,1027.47,332.45,20.43,40.87,1311.7,,,0.29,0.89,1,
B116,116,bump,1,1,single,1027.43,332.19,17.98,35.95,1015.2,,,0.31,0.99,1,
P117,117,pad,1,1,single,1156.38,304.41,20.79,41.58,1357.9,,,0.31,0.92,1,
B117,117,bump,1,1,single,1156.38,304.41,19.34,38.69,1175.6,,,0.28,0.97,1,
P118,118,pad,1,1,single,1187.51,329.16,19.02,38.04,1136.3,,,0.29,0.81,1,
B118,118,bump,1,1,single,1187.3,328.61,16.95,33.91,902.9,,,0.45,1.0,1,
P119,119,pad,1,1,single,1318.18,300.43,19.8,39.61,1232.0,,,0.36,0.89,1,
B119,119,bump,1,1,single,1318.32,298.27,16.29,32.58,833.8,,,0.49,0.99,1,
P120,120,pad,2,2,single,1350.3,326.47,20.1,40.21,1269.7,,,0.3,0.93,1,
B120,120,bump,2,2,single,1350.3,326.47,18.56,37.11,1081.8,,,0.28,0.97,1,
P121,121,pad,5,4,single,25.39,372.85,18.65,37.31,1093.1,,,0.57,0.74,0,near image border
B121,121,bump,5,4,single,21.27,377.27,10.68,21.36,358.2,,,0.31,0.85,0,near image border
P122,122,pad,2,2,single,59.92,347.68,19.54,39.09,1200.0,,,0.27,0.92,1,
B122,122,bump,2,2,single,59.92,347.68,17.95,35.91,1012.5,,,0.22,0.93,1,
P123,123,pad,1,1,single,113.51,364.16,21.26,42.53,1420.5,,,0.29,0.81,1,
B123,123,bump,1,1,single,112.83,364.03,19.02,38.05,1136.8,,,0.3,0.96,1,
P124,124,pad,1,1,single,383.02,342.17,20.59,41.18,1332.0,,,0.35,0.85,1,
B124,124,bump,1,1,single,382.86,341.92,18.51,37.03,1076.8,,,0.33,1.0,1,
P125,125,pad,1,1,single,432.77,358.7,21.23,42.45,1415.5,,,0.31,0.86,1,
B125,125,bump,1,1,single,432.71,358.73,19.04,38.08,1138.7,,,0.3,0.94,1,
P126,126,pad,1,1,single,598.51,348.94,27.92,55.84,2448.7,,,0.78,0.81,0,pad radius 27.9 vs median 20.6
B126,126,bump,1,1,single,594.14,355.43,20.11,40.22,1270.3,,,0.34,0.9,0,pad radius 27.9 vs median 20.6
P127,127,pad,1,1,single,915.42,350.99,20.81,41.63,1361.0,,,0.57,0.92,1,
B127,127,bump,1,1,single,915.42,350.99,19.11,38.23,1147.8,,,0.41,0.96,1,
P128,128,pad,1,1,single,946.83,376.53,20.27,40.54,1290.9,,,0.27,0.85,1,
B128,128,bump,1,1,single,946.76,376.1,18.24,36.48,1045.2,,,0.26,0.97,1,
P129,129,pad,1,1,single,1077.9,348.81,20.56,41.11,1327.6,,,0.43,0.9,1,
B129,129,bump,1,1,single,1077.9,348.81,18.67,37.34,1095.3,,,0.27,0.89,1,
P130,130,pad,1,1,single,1109.44,373.96,20.29,40.57,1292.9,,,0.26,0.89,1,
B130,130,bump,1,1,single,1109.3,373.5,18.06,36.12,1024.9,,,0.22,1.0,1,
P131,131,pad,2,2,single,1371.53,366.41,16.15,32.3,819.2,,,0.52,1.0,0,bump radius 13.4 vs median 18.0
B131,131,bump,2,2,single,1371.53,366.41,13.39,26.78,563.1,,,0.43,1.0,0,bump radius 13.4 vs median 18.0
P132,132,pad,2,2,single,32.62,407.43,21.09,42.18,1397.2,,,0.25,0.75,1,
B132,132,bump,2,2,single,31.87,406.63,18.09,36.19,1028.5,,,0.51,1.0,1,
P133,133,pad,1,1,single,141.36,389.29,20.43,40.85,1310.6,,,0.3,0.86,1,
B133,133,bump,1,1,single,141.08,388.93,17.52,35.04,964.4,,,0.43,1.0,1,
P134,134,pad,1,1,single,192.38,406.16,20.67,41.35,1342.7,,,0.29,0.86,1,
B134,134,bump,1,1,single,191.81,405.63,17.97,35.93,1014.0,,,0.28,0.93,1,
P135,135,pad,1,1,single,353.55,403.05,19.83,39.65,1234.8,,,0.35,0.65,0,"inner fit poor (rms 0.49, cov 0.69)"
B135,135,bump,1,1,single,353.49,402.97,18.56,37.11,1081.8,,,0.49,0.69,0,"inner fit poor (rms 0.49, cov 0.69)"
P136,136,pad,1,1,single,462.56,384.26,20.82,41.64,1362.1,,,0.27,0.86,1,
B136,136,bump,1,1,single,462.58,384.26,18.81,37.61,1111.0,,,0.32,0.96,1,
P137,137,pad,1,1,single,514.36,399.33,20.67,41.33,1341.8,,,0.31,0.88,1,
B137,137,bump,1,1,single,513.83,398.68,17.28,34.56,937.9,,,0.38,1.0,1,
P138,138,pad,1,1,two-level,559.44,387.35,21.06,42.13,1393.8,,,1.71,0.26,0,bump radius 14.3 vs median 18.2
B138,138,bump,1,1,two-level,560.22,387.42,14.29,28.59,641.9,,,0.46,1.0,0,bump radius 14.3 vs median 18.2
P139,139,pad,1,1,single,625.35,381.79,19.86,39.73,1239.7,,,0.31,0.92,1,
B139,139,bump,1,1,single,625.35,381.79,18.23,36.46,1043.9,,,0.32,0.97,1,
P140,140,pad,1,1,single,673.72,397.76,20.94,41.88,1377.5,,,0.25,0.89,1,
B140,140,bump,1,1,single,674.11,398.21,19.07,38.15,1143.0,,,0.35,0.93,1,
P141,141,pad,1,1,two-level,964.85,415.45,21.06,42.13,1393.8,,,1.51,0.21,0,inner fit unreliable
B141,141,bump,1,1,two-level,966.01,415.58,11.29,22.58,400.4,,,0.38,1.0,0,inner fit unreliable
P142,142,pad,1,1,single,998.01,392.68,20.94,41.87,1377.1,,,0.31,0.89,1,
B142,142,bump,1,1,single,998.16,392.29,17.91,35.83,1008.0,,,0.31,1.0,1,
P143,143,pad,1,1,single,1028.65,417.68,19.39,38.78,1181.1,,,0.31,0.72,1,
B143,143,bump,1,1,single,1028.37,417.39,17.69,35.38,982.9,,,0.41,0.99,1,
P144,144,pad,1,1,single,1157.82,390.27,20.8,41.59,1358.6,,,0.25,0.75,1,
B144,144,bump,1,1,single,1157.66,390.05,18.85,37.69,1115.9,,,0.32,0.89,1,
P145,145,pad,1,1,single,1188.63,415.72,20.45,40.91,1314.4,,,0.31,0.9,1,
B145,145,bump,1,1,single,1189.08,416.17,17.79,35.58,994.4,,,0.33,1.0,1,
P146,146,pad,2,2,single,1351.58,413.26,20.19,40.38,1280.5,,,0.26,0.9,1,
B146,146,bump,2,2,single,1351.76,413.3,17.58,35.15,970.4,,,0.28,1.0,1,
P147,147,pad,3,3,two-level,2352.88,404.61,23.48,46.96,1732.1,,,0.32,1.0,1,
B147,147,bump,3,3,two-level,2355.41,404.01,17.39,34.78,950.1,,,0.32,1.0,1,
P148,148,pad,3,3,two-level,2443.61,403.66,23.48,46.95,1731.6,,,1.17,0.19,1,
B148,148,bump,3,3,two-level,2444.81,403.28,17.04,34.08,912.4,,,0.3,1.0,1,
P149,149,pad,3,3,two-level,2532.66,402.8,23.48,46.95,1731.6,,,1.46,0.24,1,
B149,149,bump,3,3,two-level,2536.17,401.87,17.48,34.97,960.3,,,0.33,1.0,1,
P150,150,pad,2,2,single,61.92,433.28,19.41,38.81,1183.2,,,0.34,0.83,1,
B150,150,bump,2,2,single,60.55,432.76,17.2,34.39,929.1,,,0.34,1.0,1,
P151,151,pad,1,1,single,114.53,449.41,21.06,42.12,1393.1,,,0.32,0.78,1,
B151,151,bump,1,1,single,113.76,449.47,18.8,37.61,1110.8,,,0.36,0.97,1,
P152,152,pad,1,1,single,220.1,434.95,17.14,34.28,922.7,,,0.28,0.94,0,bump radius 13.3 vs median 18.2
B152,152,bump,1,1,single,220.1,434.95,13.32,26.64,557.4,,,0.39,0.94,0,bump radius 13.3 vs median 18.2
P153,153,pad,1,1,single,384.17,429.13,20.45,40.91,1314.4,,,0.31,0.88,1,
B153,153,bump,1,1,single,384.08,428.86,17.96,35.91,1012.9,,,0.23,1.0,1,
P154,154,pad,1,1,single,434.0,445.13,20.49,40.98,1319.1,,,0.31,0.88,1,
B154,154,bump,1,1,single,433.35,444.8,17.74,35.47,988.2,,,0.3,0.97,1,
P155,155,pad,1,1,single,544.99,425.67,19.48,38.97,1192.7,,,0.28,0.72,1,
B155,155,bump,1,1,single,544.56,425.1,17.3,34.6,940.5,,,0.32,1.0,1,
P156,156,pad,1,1,single,596.08,442.05,21.1,42.21,1399.0,,,0.33,0.83,1,
B156,156,bump,1,1,single,595.63,441.88,18.44,36.88,1068.5,,,0.37,1.0,1,
P157,157,pad,1,1,single,705.31,424.1,19.59,39.18,1205.4,,,0.31,0.82,1,
B157,157,bump,1,1,single,704.8,424.15,17.2,34.4,929.4,,,0.3,1.0,1,
P158,158,pad,1,1,single,867.98,420.59,20.44,40.88,1312.8,,,0.27,0.89,1,
B158,158,bump,1,1,single,867.76,420.51,18.4,36.8,1063.8,,,0.23,0.96,1,
P159,159,pad,1,1,single,916.81,436.96,21.31,42.62,1426.7,,,0.29,0.81,1,
B159,159,bump,1,1,single,916.69,437.27,18.88,37.75,1119.3,,,0.33,0.99,1,
P160,160,pad,1,1,single,1080.08,433.38,20.71,41.41,1347.0,,,0.28,0.92,1,
B160,160,bump,1,1,single,1080.04,431.2,16.17,32.35,821.9,,,0.41,1.0,1,
P161,161,pad,1,1,single,1132.83,422.2,15.05,30.09,711.3,,,0.51,1.0,0,bump radius 12.5 vs median 18.2
B161,161,bump,1,1,single,1132.83,422.2,12.46,24.92,487.6,,,0.46,0.94,0,bump radius 12.5 vs median 18.2
P162,162,pad,1,1,single,1271.07,458.15,20.68,41.35,1343.0,,,0.33,0.89,1,
B162,162,bump,1,1,single,1270.98,457.91,18.42,36.83,1065.6,,,0.28,1.0,1,
P163,163,pad,1,1,single,144.14,476.51,20.76,41.51,1353.6,,,0.28,0.88,1,
B163,163,bump,1,1,single,143.64,475.87,18.6,37.2,1086.8,,,0.27,0.96,1,
P164,164,pad,1,1,single,193.48,491.24,20.94,41.88,1377.6,,,0.33,0.86,1,
B164,164,bump,1,1,single,193.61,492.45,17.99,35.97,1016.3,,,0.49,0.85,1,
P165,165,pad,1,1,single,303.59,472.85,19.69,39.38,1217.9,,,0.45,0.92,1,
B165,165,bump,1,1,single,303.59,472.85,18.34,36.68,1056.9,,,0.32,1.0,1,
P166,166,pad,1,1,single,355.5,487.69,21.13,42.26,1402.9,,,0.28,0.78,1,
B166,166,bump,1,1,single,355.21,487.74,18.48,36.95,1072.4,,,0.39,0.97,1,
P167,167,pad,1,1,single,626.38,467.98,20.68,41.36,1343.6,,,0.22,0.88,1,
B167,167,bump,1,1,single,626.52,467.96,17.86,35.73,1002.5,,,0.3,1.0,1,
P168,168,pad,1,1,single,676.02,484.97,21.67,43.34,1475.0,,,0.32,0.82,1,
B168,168,bump,1,1,single,675.65,484.71,19.47,38.95,1191.2,,,0.25,0.99,1,
P169,169,pad,1,1,single,787.75,465.78,20.6,41.2,1333.1,,,0.29,0.88,1,
B169,169,bump,1,1,single,787.36,465.4,18.57,37.14,1083.3,,,0.27,1.0,1,
P170,170,pad,1,1,single,837.74,481.87,21.11,42.22,1400.1,,,0.37,0.83,1,
B170,170,bump,1,1,single,837.77,482.03,19.12,38.24,1148.5,,,0.33,0.99,1,
P171,171,pad,1,1,single,948.0,462.64,19.24,38.47,1162.5,,,0.26,0.67,1,
B171,171,bump,1,1,single,947.09,462.66,17.01,34.02,909.0,,,0.35,0.9,1,
P172,172,pad,1,1,single,1111.16,460.29,20.55,41.1,1326.6,,,0.29,0.86,1,
B172,172,bump,1,1,single,1110.91,460.05,18.41,36.82,1064.5,,,0.27,1.0,1,
P173,173,pad,1,1,single,1159.22,476.51,20.82,41.64,1361.9,,,0.34,0.81,1,
B173,173,bump,1,1,single,1159.51,476.18,18.79,37.57,1108.6,,,0.44,0.97,1,
P174,174,pad,1,1,single,1320.92,474.45,20.63,41.27,1337.7,,,0.37,0.93,1,
B174,174,bump,1,1,single,1320.92,474.45,19.13,38.26,1149.9,,,0.35,1.0,1,
P175,175,pad,2,2,single,1353.56,499.68,20.55,41.09,1326.3,,,0.31,0.94,1,
B175,175,bump,2,2,single,1353.53,499.36,18.22,36.45,1043.3,,,0.25,1.0,1,
P176,176,pad,3,3,two-level,2353.72,494.18,23.09,46.17,1674.6,,,0.28,1.0,1,
B176,176,bump,3,3,two-level,2356.81,493.85,17.22,34.44,931.7,,,0.32,1.0,1,
P177,177,pad,3,3,two-level,2447.15,491.33,23.48,46.95,1731.6,,,0.71,0.17,1,
B177,177,bump,3,3,two-level,2446.56,491.62,16.71,33.42,877.1,,,0.32,1.0,1,
P178,178,pad,3,3,two-level,2535.83,489.84,23.48,46.95,1731.6,,,2.01,0.32,1,
B178,178,bump,3,3,two-level,2536.89,490.43,15.49,30.98,753.6,,,0.29,1.0,1,
P179,179,pad,3,3,two-level,2624.64,490.61,23.48,46.95,1731.6,,,0.53,0.15,1,
B179,179,bump,3,3,two-level,2625.81,490.43,16.5,33.01,855.6,,,0.24,1.0,1,
P180,180,pad,3,3,two-level,2714.07,492.67,23.48,46.95,1731.6,,,0.59,0.19,0,inner fit unreliable
B180,180,bump,3,3,two-level,2716.71,491.7,13.59,27.19,580.5,,,0.38,0.96,0,inner fit unreliable
P181,181,pad,1,1,single,116.22,536.67,19.81,39.62,1232.9,,,0.26,0.64,1,
B181,181,bump,1,1,single,114.87,536.15,18.18,36.37,1038.6,,,0.62,0.82,1,
P182,182,pad,1,1,two-level,152.39,522.12,21.06,42.13,1393.8,,,0.99,0.15,0,bump radius 7.9 vs median 18.2
B182,182,bump,1,1,two-level,160.68,519.89,7.86,15.72,194.0,,,0.32,0.81,0,bump radius 7.9 vs median 18.2
P183,183,pad,1,1,single,223.36,517.82,20.4,40.8,1307.7,,,0.29,0.89,1,
B183,183,bump,1,1,single,222.91,517.47,17.83,35.66,998.9,,,0.31,1.0,1,
P184,184,pad,1,1,single,275.22,532.53,20.39,40.78,1306.0,,,0.32,0.9,0,bump radius 15.9 vs median 18.2
B184,184,bump,1,1,single,273.54,532.11,15.92,31.85,796.5,,,0.47,0.86,0,bump radius 15.9 vs median 18.2
P185,185,pad,1,1,single,322.85,520.75,14.4,28.8,651.5,,,0.42,1.0,0,bump radius 12.1 vs median 18.2
B185,185,bump,1,1,single,322.85,520.75,12.1,24.2,459.8,,,0.34,0.99,0,bump radius 12.1 vs median 18.2
P186,186,pad,1,1,single,385.34,515.28,20.38,40.76,1304.8,,,0.34,0.88,1,
B186,186,bump,1,1,single,385.02,515.18,17.72,35.43,986.0,,,0.28,1.0,1,
P187,187,pad,1,1,single,434.85,531.95,20.94,41.87,1377.0,,,0.34,0.88,1,
B187,187,bump,1,1,single,434.66,531.78,18.55,37.1,1080.8,,,0.36,0.99,1,
P188,188,pad,1,1,single,707.06,510.09,20.78,41.55,1356.1,,,0.3,0.86,1,
B188,188,bump,1,1,single,706.87,509.93,18.73,37.45,1101.7,,,0.28,0.97,1,
P189,189,pad,1,1,single,757.75,525.21,20.56,41.13,1328.4,,,0.3,0.89,1,
B189,189,bump,1,1,single,757.75,525.21,19.33,38.65,1173.2,,,0.33,0.94,1,
P190,190,pad,1,1,single,869.01,507.12,20.09,40.17,1267.5,,,0.33,0.85,1,
B190,190,bump,1,1,single,868.83,507.36,18.01,36.02,1019.0,,,0.33,1.0,1,
P191,191,pad,1,1,single,919.09,523.61,21.18,42.36,1409.3,,,0.57,0.89,1,
B191,191,bump,1,1,single,919.09,523.61,20.16,40.32,1276.5,,,0.27,0.93,1,
P192,192,pad,1,1,single,1130.27,501.11,13.71,27.42,590.3,,,0.42,0.99,0,bump radius 11.1 vs median 18.2
B192,192,bump,1,1,single,1130.27,501.11,11.05,22.1,383.6,,,0.31,0.93,0,bump radius 11.1 vs median 18.2
P193,193,pad,1,1,single,1190.96,502.53,20.25,40.5,1288.1,,,0.26,0.92,1,
B193,193,bump,1,1,single,1190.85,501.92,17.66,35.33,980.2,,,0.28,1.0,1,
P194,194,pad,1,1,single,1240.62,518.21,21.37,42.75,1435.2,,,0.3,0.9,1,
B194,194,bump,1,1,single,1240.09,517.79,18.16,36.31,1035.6,,,0.39,1.0,1,
P195,195,pad,1,1,single,1294.4,506.16,13.86,27.72,603.7,,,0.52,0.96,0,bump radius 10.9 vs median 18.2
B195,195,bump,1,1,single,1294.4,506.16,10.86,21.71,370.3,,,0.5,0.81,0,bump radius 10.9 vs median 18.2
P196,196,pad,1,1,single,146.06,562.35,20.41,40.83,1309.1,,,0.3,0.82,1,
B196,196,bump,1,1,single,145.12,562.32,17.46,34.93,958.1,,,0.33,1.0,1,
P197,197,pad,1,1,single,199.94,577.68,24.19,48.38,1838.6,,,0.52,0.86,0,pad radius 24.2 vs median 20.6
B197,197,bump,1,1,single,195.69,577.89,19.56,39.12,1201.9,,,0.38,0.89,0,pad radius 24.2 vs median 20.6
P198,198,pad,1,1,single,305.98,558.93,20.38,40.77,1305.4,,,0.35,0.89,1,
B198,198,bump,1,1,single,305.97,559.12,18.57,37.14,1083.6,,,0.34,0.96,1,
P199,199,pad,1,1,single,357.55,575.34,21.11,42.21,1399.6,,,0.3,0.9,1,
B199,199,bump,1,1,single,357.78,575.03,18.53,37.06,1078.7,,,0.48,1.0,1,
P200,200,pad,1,1,single,464.63,558.39,17.7,35.39,983.9,,,0.34,0.9,0,bump radius 14.6 vs median 18.2
B200,200,bump,1,1,single,463.06,558.99,14.55,29.11,665.5,,,0.55,1.0,0,bump radius 14.6 vs median 18.2
P201,201,pad,1,1,single,627.95,554.28,20.54,41.08,1325.2,,,0.29,0.89,1,
B201,201,bump,1,1,single,628.02,554.65,17.92,35.83,1008.5,,,0.27,1.0,1,
P202,202,pad,1,1,single,681.04,568.63,24.18,48.35,1836.2,,,0.79,0.89,0,pad radius 24.2 vs median 20.6
B202,202,bump,1,1,single,677.44,570.48,19.52,39.04,1197.3,,,0.31,0.94,0,pad radius 24.2 vs median 20.6
P203,203,pad,1,1,single,789.17,551.05,19.34,38.68,1174.9,,,0.37,0.92,1,
B203,203,bump,1,1,single,788.72,551.05,17.23,34.46,932.5,,,0.35,1.0,1,
P204,204,pad,1,1,single,839.67,567.58,21.33,42.65,1428.9,,,0.34,0.93,1,
B204,204,bump,1,1,single,839.12,567.72,17.8,35.59,994.9,,,0.42,1.0,1,
P205,205,pad,1,1,single,888.45,558.6,16.15,32.3,819.2,,,0.51,0.86,0,bump radius 13.1 vs median 18.2
B205,205,bump,1,1,single,890.01,558.0,13.07,26.13,536.4,,,0.37,1.0,0,bump radius 13.1 vs median 18.2
P206,206,pad,1,1,single,949.4,549.64,19.77,39.54,1228.2,,,0.29,0.92,1,
B206,206,bump,1,1,single,949.24,549.74,17.49,34.99,961.3,,,0.32,1.0,1,
P207,207,pad,1,1,single,1112.05,547.08,19.48,38.96,1192.4,,,0.26,1.0,1,
B207,207,bump,1,1,single,1112.05,547.08,17.62,35.23,974.9,,,0.23,1.0,1,
P208,208,pad,1,1,single,1160.45,563.41,21.27,42.54,1421.5,,,0.3,0.82,1,
B208,208,bump,1,1,single,1160.29,563.46,19.22,38.44,1160.4,,,0.28,0.94,1,
P209,209,pad,1,1,single,1272.45,543.23,19.5,39.0,1194.6,,,0.35,0.78,1,
B209,209,bump,1,1,single,1272.37,542.98,17.74,35.48,988.9,,,0.33,0.99,1,
P210,210,pad,1,1,single,1322.68,559.91,20.34,40.69,1300.2,,,0.39,0.9,1,
B210,210,bump,1,1,single,1322.35,560.0,18.59,37.17,1085.1,,,0.38,1.0,1,
P211,211,pad,3,3,single,2021.81,552.59,13.47,26.93,569.6,,,0.43,0.93,0,bump radius 11.1 vs median 17.1
B211,211,bump,3,3,single,2021.81,552.59,11.14,22.29,390.1,,,0.3,0.81,0,bump radius 11.1 vs median 17.1
P212,212,pad,3,3,single,2080.56,551.89,15.29,30.59,734.8,,,0.42,0.94,0,bump radius 13.3 vs median 17.1
B212,212,bump,3,3,single,2080.56,551.89,13.31,26.61,556.3,,,0.33,1.0,0,bump radius 13.3 vs median 17.1
P213,213,pad,3,3,two-level,2625.25,575.25,23.48,46.95,1731.6,,,1.17,0.14,1,
B213,213,bump,3,3,two-level,2628.82,579.08,16.34,32.69,839.2,,,0.3,1.0,1,
P214,214,pad,6,5,two-level,2713.67,579.13,23.48,46.95,1731.6,,,1.84,0.11,1,
B214,214,bump,6,5,two-level,2718.34,578.14,17.64,35.27,977.1,,,0.26,1.0,1,
P215,215,pad,2,2,single,64.12,606.74,20.17,40.33,1277.5,,,0.27,0.86,1,
B215,215,bump,2,2,single,64.13,606.37,18.03,36.05,1020.7,,,0.3,0.93,1,
P216,216,pad,1,1,single,386.67,601.98,20.49,40.99,1319.6,,,0.37,0.89,1,
B216,216,bump,1,1,single,386.87,601.69,18.02,36.04,1019.9,,,0.33,1.0,1,
P217,217,pad,1,1,single,437.23,617.64,20.96,41.93,1380.6,,,0.35,0.85,1,
B217,217,bump,1,1,single,436.67,617.99,18.16,36.32,1036.0,,,0.41,0.92,1,
P218,218,pad,1,1,single,547.65,598.99,20.37,40.75,1304.2,,,0.36,0.92,1,
B218,218,bump,1,1,single,547.65,598.99,18.69,37.38,1097.2,,,0.29,1.0,1,
P219,219,pad,1,1,single,598.69,614.82,20.76,41.52,1354.2,,,0.27,0.9,1,
B219,219,bump,1,1,single,598.69,614.82,19.35,38.7,1176.3,,,0.32,1.0,1,
P220,220,pad,1,1,single,870.98,593.65,20.64,41.27,1338.0,,,0.32,0.9,1,
B220,220,bump,1,1,single,871.01,593.92,18.47,36.93,1071.4,,,0.32,1.0,1,
P221,221,pad,1,1,single,919.63,610.74,21.26,42.51,1419.5,,,0.32,0.88,1,
B221,221,bump,1,1,single,919.61,610.08,18.81,37.62,1111.8,,,0.28,0.94,1,
P222,222,pad,1,1,single,1031.54,591.08,20.54,41.07,1325.0,,,0.26,0.89,1,
B222,222,bump,1,1,single,1031.17,591.2,18.0,36.01,1018.4,,,0.25,1.0,1,
P223,223,pad,1,1,single,1082.12,607.31,20.64,41.28,1338.1,,,0.56,0.9,1,
B223,223,bump,1,1,single,1082.12,607.31,19.27,38.54,1166.3,,,0.32,1.0,1,
P224,224,pad,1,1,single,1191.31,588.58,19.68,39.37,1217.1,,,0.29,0.85,1,
B224,224,bump,1,1,single,1191.29,588.65,17.72,35.43,986.1,,,0.39,1.0,1,
P225,225,pad,2,2,single,1354.8,586.39,20.25,40.51,1288.7,,,0.29,0.89,1,
B225,225,bump,2,2,single,1354.46,586.2,18.19,36.38,1039.3,,,0.3,1.0,1,
P226,226,pad,3,3,two-level,2355.54,584.72,22.79,45.58,1631.7,,,0.33,1.0,1,
B226,226,bump,3,3,two-level,2358.69,584.18,17.52,35.04,964.5,,,0.32,1.0,1,
P227,227,pad,3,3,two-level,2446.61,583.05,23.48,46.95,1731.6,,,0.75,0.12,1,
B227,227,bump,3,3,two-level,2447.65,582.45,16.99,33.98,906.7,,,0.29,1.0,1,
P228,228,pad,3,3,two-level,2534.7,581.16,23.48,46.95,1731.6,,,1.12,0.25,1,
B228,228,bump,3,3,two-level,2536.99,580.53,17.35,34.7,945.6,,,0.3,1.0,1,
P229,229,pad,1,1,single,117.48,622.74,22.1,44.2,1534.7,,,0.48,0.86,1,
B229,229,bump,1,1,single,117.48,622.74,18.75,37.5,1104.7,,,0.52,0.97,1,
P230,230,pad,1,1,single,146.21,648.4,20.28,40.55,1291.6,,,0.29,0.82,1,
B230,230,bump,1,1,single,145.69,648.48,17.84,35.67,999.3,,,0.36,0.96,1,
P231,231,pad,1,1,single,466.88,643.55,20.93,41.86,1376.2,,,0.29,0.85,1,
B231,231,bump,1,1,single,466.8,643.4,18.68,37.37,1096.8,,,0.27,0.96,1,
P232,232,pad,1,1,single,518.27,659.31,20.61,41.22,1334.5,,,0.31,0.76,1,
B232,232,bump,1,1,single,517.44,658.18,18.99,37.98,1133.1,,,0.52,0.96,1,
P233,233,pad,1,1,single,629.38,640.33,20.14,40.28,1274.2,,,0.29,0.88,1,
B233,233,bump,1,1,single,629.79,640.45,17.41,34.82,952.4,,,0.3,1.0,1,
P234,234,pad,1,1,single,679.31,656.32,20.91,41.82,1373.3,,,0.34,0.82,1,
B234,234,bump,1,1,single,678.98,655.82,18.09,36.18,1028.0,,,0.41,1.0,1,
P235,235,pad,1,1,single,890.87,636.34,13.04,26.07,533.9,,,0.62,0.99,0,bump radius 10.9 vs median 18.2
B235,235,bump,1,1,single,890.87,636.34,10.89,21.78,372.4,,,0.31,0.88,0,bump radius 10.9 vs median 18.2
P236,236,pad,1,1,single,951.0,636.16,20.43,40.86,1311.0,,,0.28,0.88,1,
B236,236,bump,1,1,single,950.67,635.79,18.31,36.63,1053.8,,,0.33,1.0,1,
P237,237,pad,1,1,two-level,1001.21,650.86,21.06,42.13,1393.8,,,0.29,0.14,1,
B237,237,bump,1,1,two-level,1001.56,649.1,16.61,33.22,866.9,,,0.46,1.0,1,
P238,238,pad,1,1,single,1113.76,633.55,20.5,41.0,1320.2,,,0.3,0.94,1,
B238,238,bump,1,1,single,1113.49,632.87,18.05,36.11,1024.0,,,0.32,1.0,1,
P239,239,pad,1,1,single,1161.66,649.35,21.34,42.67,1430.3,,,0.32,0.89,1,
B239,239,bump,1,1,single,1161.67,649.16,19.06,38.12,1141.5,,,0.36,0.94,1,
P240,240,pad,3,3,two-level,2025.69,645.16,23.48,46.95,1731.6,,,1.79,0.32,0,bump radius 14.4 vs median 17.1
B240,240,bump,3,3,two-level,2023.81,643.28,14.44,28.88,655.1,,,0.67,0.76,0,bump radius 14.4 vs median 17.1
P241,241,pad,2,2,single,36.05,667.45,21.85,43.69,1499.5,,,0.74,0.86,1,
B241,241,bump,2,2,single,36.05,667.45,18.78,37.57,1108.3,,,0.34,0.82,1,
P242,242,pad,2,2,single,65.87,692.54,20.21,40.43,1283.6,,,0.27,0.85,1,
B242,242,bump,2,2,single,64.8,692.46,17.44,34.87,955.1,,,0.29,0.97,1,
P243,243,pad,1,1,single,196.67,664.65,20.44,40.88,1312.3,,,0.29,0.76,1,
B243,243,bump,1,1,single,196.11,664.66,18.27,36.54,1048.8,,,0.34,0.88,1,
P244,244,pad,1,1,single,389.0,688.02,20.63,41.26,1337.1,,,0.32,0.85,1,
B244,244,bump,1,1,single,388.63,688.45,18.2,36.41,1041.1,,,0.28,0.93,1,
P245,245,pad,1,1,single,549.13,684.98,20.22,40.44,1284.2,,,0.29,0.9,1,
B245,245,bump,1,1,single,549.03,684.81,17.98,35.96,1015.9,,,0.3,0.96,1,
P246,246,pad,1,1,single,709.25,683.23,18.97,37.95,1131.0,,,0.31,0.94,1,
B246,246,bump,1,1,single,708.7,683.49,16.62,33.23,867.3,,,0.36,1.0,1,
P247,247,pad,1,1,single,872.65,680.43,20.57,41.14,1329.5,,,0.32,0.9,1,
B247,247,bump,1,1,single,872.53,680.51,18.25,36.5,1046.4,,,0.28,1.0,1,
P248,248,pad,1,1,single,920.93,696.55,20.86,41.72,1367.2,,,0.34,0.82,1,
B248,248,bump,1,1,single,920.57,696.12,18.55,37.09,1080.6,,,0.34,1.0,1,
P249,249,pad,1,1,single,1033.27,676.71,19.88,39.76,1241.8,,,0.32,0.94,1,
B249,249,bump,1,1,single,1033.42,677.49,17.66,35.32,979.8,,,0.31,1.0,1,
P250,250,pad,1,1,single,1083.27,693.51,21.43,42.86,1442.7,,,0.28,0.89,1,
B250,250,bump,1,1,single,1082.92,693.62,19.09,38.19,1145.3,,,0.27,0.96,1,
P251,251,pad,1,1,single,1193.21,675.99,19.84,39.68,1236.5,,,0.33,0.89,1,
B251,251,bump,1,1,single,1193.55,675.51,17.72,35.44,986.7,,,0.32,1.0,1,
P252,252,pad,2,2,single,1355.86,672.3,19.91,39.82,1245.2,,,0.3,0.99,1,
B252,252,bump,2,2,single,1355.86,672.3,18.48,36.97,1073.2,,,0.26,1.0,1,
P253,253,pad,3,3,two-level,2536.34,671.28,23.48,46.95,1731.6,,,1.46,0.24,1,
B253,253,bump,3,3,two-level,2538.27,671.42,16.79,33.58,885.7,,,0.35,1.0,1,
P254,254,pad,3,3,two-level,2627.2,668.3,23.48,46.95,1731.6,,,1.45,0.12,1,
B254,254,bump,3,3,two-level,2629.02,669.87,15.88,31.75,791.8,,,0.31,1.0,1,
P255,255,pad,6,5,two-level,2717.42,668.0,22.57,45.15,1601.0,,,0.31,0.93,1,
B255,255,bump,6,5,two-level,2718.94,668.35,17.5,35.01,962.5,,,0.32,1.0,1,
P256,256,pad,1,1,single,119.69,708.08,21.37,42.74,1434.9,,,0.34,0.86,1,
B256,256,bump,1,1,single,119.08,708.19,18.45,36.9,1069.5,,,0.35,1.0,1,
P257,257,pad,1,1,single,148.09,735.25,20.25,40.51,1288.9,,,0.34,0.86,1,
B257,257,bump,1,1,single,147.64,735.03,17.84,35.67,999.4,,,0.28,1.0,1,
P258,258,pad,1,1,single,308.32,732.84,20.59,41.19,1332.4,,,0.31,0.82,1,
B258,258,bump,1,1,single,308.44,732.44,18.1,36.19,1028.9,,,0.25,1.0,1,
P259,259,pad,1,1,single,440.99,701.42,22.96,45.92,1656.1,,,0.52,0.88,1,
B259,259,bump,1,1,single,437.91,703.34,18.6,37.21,1087.3,,,0.47,0.89,1,
P260,260,pad,1,1,single,600.05,700.18,21.7,43.41,1479.9,,,0.31,0.89,1,
B260,260,bump,1,1,single,599.7,699.31,18.38,36.75,1061.0,,,0.35,1.0,1,
P261,261,pad,1,1,single,631.42,727.35,20.5,40.99,1319.8,,,0.28,0.88,1,
B261,261,bump,1,1,single,631.52,727.3,18.4,36.81,1064.2,,,0.26,1.0,1,
P262,262,pad,1,1,single,791.29,724.84,20.06,40.12,1264.2,,,0.3,0.86,1,
B262,262,bump,1,1,single,791.15,724.81,17.91,35.83,1008.1,,,0.3,1.0,1,
P263,263,pad,1,1,single,847.32,734.98,26.22,52.44,2159.6,,,1.0,0.83,0,pad radius 26.2 vs median 20.6
B263,263,bump,1,1,single,842.36,739.47,19.49,38.98,1193.2,,,0.28,0.97,0,pad radius 26.2 vs median 20.6
P264,264,pad,1,1,single,952.13,722.09,19.41,38.83,1184.2,,,0.31,0.71,1,
B264,264,bump,1,1,single,951.29,721.88,17.39,34.77,949.5,,,0.37,1.0,1,
P265,265,pad,1,1,single,1114.72,719.45,20.79,41.57,1357.5,,,0.31,0.9,1,
B265,265,bump,1,1,single,1114.45,719.32,18.4,36.8,1063.7,,,0.29,1.0,1,
P266,266,pad,1,1,single,1163.49,735.49,20.8,41.6,1359.3,,,0.29,0.78,1,
B266,266,bump,1,1,single,1163.9,735.56,18.47,36.94,1071.8,,,0.34,1.0,1,
P267,267,pad,1,1,single,1275.14,717.31,20.5,40.99,1319.8,,,0.29,0.94,1,
B267,267,bump,1,1,single,1275.11,717.43,17.91,35.82,1007.9,,,0.3,1.0,1,
P268,268,pad,1,1,single,198.6,750.49,21.03,42.06,1389.7,,,0.31,0.82,1,
B268,268,bump,1,1,single,198.32,750.77,18.93,37.86,1126.1,,,0.32,0.92,1,
P269,269,pad,1,1,single,228.55,776.23,20.53,41.05,1323.8,,,0.33,0.88,1,
B269,269,bump,1,1,single,227.71,776.61,17.75,35.49,989.3,,,0.3,1.0,1,
P270,270,pad,1,1,single,366.83,747.39,25.25,50.5,2003.3,,,0.94,0.86,0,pad radius 25.3 vs median 20.6
B270,270,bump,1,1,single,361.64,747.85,19.51,39.02,1196.0,,,0.28,0.89,0,pad radius 25.3 vs median 20.6
P271,271,pad,1,1,single,389.89,774.45,20.58,41.15,1330.1,,,0.29,0.86,1,
B271,271,bump,1,1,single,389.63,773.89,18.11,36.22,1030.1,,,0.35,1.0,1,
P272,272,pad,1,1,single,680.82,742.65,21.44,42.88,1444.0,,,0.32,0.89,1,
B272,272,bump,1,1,single,679.9,742.73,18.51,37.03,1076.8,,,0.36,1.0,1,
P273,273,pad,1,1,single,711.11,769.29,20.71,41.43,1347.8,,,0.26,0.89,1,
B273,273,bump,1,1,single,711.3,769.27,18.38,36.76,1061.5,,,0.31,1.0,1,
P274,274,pad,1,1,single,813.17,774.21,14.96,29.91,702.7,,,0.56,0.96,0,bump radius 12.8 vs median 18.2
B274,274,bump,1,1,single,813.17,774.21,12.84,25.68,518.1,,,0.47,0.88,0,bump radius 12.8 vs median 18.2
P275,275,pad,1,1,single,873.46,766.77,20.27,40.53,1290.4,,,0.29,0.88,1,
B275,275,bump,1,1,single,873.32,766.51,18.26,36.52,1047.4,,,0.28,1.0,1,
P276,276,pad,1,1,single,1194.47,761.84,20.97,41.93,1381.0,,,0.27,0.88,1,
B276,276,bump,1,1,single,1194.65,761.69,18.37,36.75,1060.5,,,0.27,1.0,1,
P277,277,pad,1,1,single,1245.32,776.99,20.82,41.63,1361.2,,,0.54,0.9,1,
B277,277,bump,1,1,single,1245.32,776.99,18.95,37.89,1127.7,,,0.33,0.96,1,
P278,278,pad,3,3,two-level,2359.25,762.66,23.48,46.95,1731.6,,,0.87,0.22,1,
B278,278,bump,3,3,two-level,2361.46,763.16,17.81,35.62,996.6,,,0.3,1.0,1,
P279,279,pad,3,3,two-level,2446.59,766.62,23.48,46.95,1731.6,,,1.05,0.25,0,bump radius 13.8 vs median 17.1
B279,279,bump,3,3,two-level,2449.71,765.3,13.79,27.59,597.8,,,0.36,1.0,0,bump radius 13.8 vs median 17.1
P280,280,pad,3,3,two-level,2538.43,761.11,23.48,46.95,1731.6,,,1.43,0.19,1,
B280,280,bump,3,3,two-level,2540.8,760.26,17.07,34.13,914.9,,,0.32,1.0,1,
P281,281,pad,3,3,two-level,2628.38,759.57,22.01,44.02,1522.0,,,0.39,0.94,1,
B281,281,bump,3,3,two-level,2630.81,758.97,16.55,33.09,860.1,,,0.28,1.0,1,
P282,282,pad,6,5,two-level,2717.23,758.65,22.48,44.96,1587.7,,,0.36,1.0,1,
B282,282,bump,6,5,two-level,2720.11,758.45,16.57,33.14,862.5,,,0.35,1.0,1,
P283,283,pad,2,2,single,120.84,795.47,19.03,38.05,1137.3,,,0.28,0.62,1,
B283,283,bump,2,2,single,119.47,795.37,17.08,34.16,916.7,,,0.62,0.76,1,
P284,284,pad,1,1,single,280.22,792.74,20.62,41.23,1335.3,,,0.36,0.88,1,
B284,284,bump,1,1,single,280.22,792.74,19.26,38.51,1165.1,,,0.33,0.96,1,
P285,285,pad,1,1,single,309.9,818.59,20.52,41.05,1323.2,,,0.29,0.86,1,
B285,285,bump,1,1,single,309.31,818.52,18.08,36.15,1026.5,,,0.31,1.0,1,
P286,286,pad,1,1,single,407.7,815.62,15.0,30.01,707.2,,,0.35,0.97,0,bump radius 11.7 vs median 18.2
B286,286,bump,1,1,single,407.7,815.62,11.7,23.4,429.9,,,0.32,1.0,0,bump radius 11.7 vs median 18.2
P287,287,pad,1,1,single,440.34,790.91,21.24,42.48,1417.4,,,0.29,0.88,1,
B287,287,bump,1,1,single,440.62,790.53,18.51,37.02,1076.3,,,0.37,0.96,1,
P288,288,pad,1,1,single,469.49,816.36,18.65,37.3,1092.6,,,0.31,0.65,1,
B288,288,bump,1,1,single,468.98,816.75,16.57,33.14,862.8,,,0.42,0.88,1,
P289,289,pad,1,1,single,633.3,813.42,20.38,40.76,1305.2,,,0.28,0.94,1,
B289,289,bump,1,1,single,633.15,813.66,17.58,35.16,970.8,,,0.26,1.0,1,
P290,290,pad,1,1,single,762.37,784.28,21.12,42.23,1400.7,,,0.28,0.89,1,
B290,290,bump,1,1,single,761.47,783.91,17.89,35.79,1005.9,,,0.33,1.0,1,
P291,291,pad,1,1,single,793.44,810.39,20.57,41.13,1328.8,,,0.3,0.89,1,
B291,291,bump,1,1,single,793.45,810.74,18.35,36.69,1057.4,,,0.34,1.0,1,
P292,292,pad,1,1,single,922.03,782.57,21.49,42.98,1450.9,,,0.33,0.89,1,
B292,292,bump,1,1,single,921.94,782.38,19.07,38.14,1142.3,,,0.32,1.0,1,
P293,293,pad,1,1,single,952.92,809.46,19.43,38.86,1186.2,,,0.36,0.99,1,
B293,293,bump,1,1,single,952.92,809.46,17.92,35.84,1008.6,,,0.33,1.0,1,
P294,294,pad,1,1,single,1116.08,805.49,20.84,41.68,1364.2,,,0.28,0.9,1,
B294,294,bump,1,1,single,1116.3,805.61,18.5,36.99,1074.8,,,0.29,1.0,1,
P295,295,pad,1,1,single,1276.66,802.82,19.8,39.59,1231.2,,,0.29,0.92,1,
B295,295,bump,1,1,single,1276.41,803.15,17.56,35.11,968.3,,,0.31,1.0,1,
P296,296,pad,2,2,single,1325.38,793.24,21.23,42.46,1415.6,,,0.34,0.92,1,
B296,296,bump,2,2,single,1325.58,793.36,18.67,37.33,1094.7,,,0.34,1.0,1,
P297,297,pad,2,2,single,1358.13,819.48,21.86,43.72,1501.0,,,0.91,0.93,1,
B297,297,bump,2,2,single,1358.13,819.48,18.51,37.03,1076.9,,,0.31,0.97,1,
P298,298,pad,2,2,single,149.4,821.6,20.08,40.17,1267.1,,,0.31,0.85,1,
B298,298,bump,2,2,single,149.02,821.46,17.65,35.3,978.6,,,0.25,0.99,1,
P299,299,pad,1,1,single,200.11,835.98,21.17,42.34,1407.9,,,0.38,0.85,1,
B299,299,bump,1,1,single,199.69,835.82,18.37,36.73,1059.8,,,0.52,1.0,1,
P300,300,pad,1,1,two-level,245.5,820.06,21.06,42.13,1393.8,,,2.18,0.22,0,bump radius 13.5 vs median 18.2
B300,300,bump,1,1,two-level,244.26,820.38,13.54,27.09,576.4,,,0.36,0.99,0,bump radius 13.5 vs median 18.2
P301,301,pad,1,1,single,361.69,833.43,20.66,41.33,1341.3,,,0.51,0.9,1,
B301,301,bump,1,1,single,361.69,833.43,19.14,38.28,1151.1,,,0.33,1.0,1,
P302,302,pad,1,1,single,391.39,859.78,20.83,41.66,1363.2,,,0.36,0.88,1,
B302,302,bump,1,1,single,391.49,860.05,18.03,36.07,1021.6,,,0.3,1.0,1,
P303,303,pad,1,1,single,552.41,858.08,20.32,40.65,1297.8,,,0.32,0.85,1,
B303,303,bump,1,1,single,552.3,857.93,17.87,35.75,1003.6,,,0.31,1.0,1,
P304,304,pad,1,1,single,681.02,829.32,20.81,41.62,1360.4,,,0.35,0.89,1,
B304,304,bump,1,1,single,681.32,829.04,17.86,35.71,1001.6,,,0.3,0.99,1,
P305,305,pad,1,1,single,712.49,854.96,19.01,38.02,1135.1,,,0.32,0.68,1,
B305,305,bump,1,1,single,712.81,855.27,17.5,34.99,961.8,,,0.52,0.94,1,
P306,306,pad,1,1,single,844.17,826.71,21.29,42.58,1424.0,,,0.32,0.85,1,
B306,306,bump,1,1,single,844.12,827.0,18.89,37.77,1120.6,,,0.35,0.96,1,
P307,307,pad,1,1,single,874.16,852.67,20.83,41.65,1362.7,,,0.26,0.88,1,
B307,307,bump,1,1,single,874.81,852.52,18.39,36.79,1062.8,,,0.3,0.97,1,
P308,308,pad,1,1,single,1035.7,850.69,20.28,40.57,1292.6,,,0.32,0.92,1,
B308,308,bump,1,1,single,1035.49,850.22,18.29,36.57,1050.5,,,0.28,1.0,1,
P309,309,pad,1,1,single,1164.75,821.14,20.85,41.7,1365.7,,,0.31,0.86,1,
B309,309,bump,1,1,single,1164.71,821.61,18.61,37.23,1088.4,,,0.39,1.0,1,
P310,310,pad,1,1,single,1195.08,847.76,20.48,40.96,1317.6,,,0.27,0.9,1,
B310,310,bump,1,1,single,1195.49,847.8,18.49,36.97,1073.7,,,0.36,1.0,1,
P311,311,pad,3,3,two-level,2360.6,854.07,23.48,46.95,1731.6,,,0.83,0.17,1,
B311,311,bump,3,3,two-level,2362.27,853.18,16.81,33.62,887.8,,,0.29,1.0,1,
P312,312,pad,3,3,two-level,2449.27,852.85,22.54,45.07,1595.7,,,0.31,1.0,1,
B312,312,bump,3,3,two-level,2451.47,851.98,17.17,34.35,926.5,,,0.33,1.0,1,
P313,313,pad,3,3,two-level,2538.31,850.26,23.48,46.95,1731.6,,,1.51,0.19,1,
B313,313,bump,3,3,two-level,2540.82,850.58,17.01,34.02,908.9,,,0.26,1.0,1,
P314,314,pad,3,3,two-level,2630.19,848.66,21.69,43.38,1477.9,,,0.45,0.94,1,
B314,314,bump,3,3,two-level,2632.09,848.91,15.92,31.85,796.6,,,0.35,1.0,1,
P315,315,pad,3,3,two-level,2718.83,847.26,23.48,46.95,1731.6,,,1.12,0.19,1,
B315,315,bump,3,3,two-level,2721.17,847.23,17.6,35.2,973.1,,,0.29,1.0,1,
P316,316,pad,2,2,single,68.93,866.08,20.62,41.25,1336.3,,,0.28,0.88,1,
B316,316,bump,2,2,single,68.9,865.89,18.16,36.32,1036.3,,,0.35,0.96,1,
P317,317,pad,2,2,single,121.57,881.55,21.11,42.22,1399.7,,,0.31,0.83,1,
B317,317,bump,2,2,single,121.77,881.78,19.42,38.84,1185.1,,,0.31,0.88,1,
P318,318,pad,1,1,single,441.52,876.81,21.45,42.91,1445.8,,,0.35,0.85,1,
B318,318,bump,1,1,single,441.07,876.71,19.18,38.37,1156.0,,,0.3,0.94,1,
P319,319,pad,1,1,single,602.83,872.44,20.83,41.67,1363.5,,,0.37,0.92,1,
B319,319,bump,1,1,single,602.83,872.44,18.98,37.96,1131.9,,,0.27,1.0,1,
P320,320,pad,1,1,single,634.47,899.61,20.51,41.02,1321.3,,,0.33,0.9,1,
B320,320,bump,1,1,single,633.91,899.78,18.14,36.27,1033.5,,,0.25,1.0,1,
P321,321,pad,1,1,single,923.95,868.83,21.84,43.69,1498.9,,,0.32,0.9,1,
B321,321,bump,1,1,single,923.75,868.31,19.22,38.44,1160.6,,,0.36,1.0,1,
P322,322,pad,1,1,single,954.91,894.7,20.95,41.91,1379.5,,,0.34,0.9,1,
B322,322,bump,1,1,single,954.85,894.77,18.87,37.75,1119.0,,,0.24,1.0,1,
P323,323,pad,1,1,two-level,1057.73,885.28,21.06,42.13,1393.8,,,2.12,0.18,0,bump radius 12.1 vs median 18.2
B323,323,bump,1,1,two-level,1057.89,885.47,12.12,24.24,461.4,,,0.35,1.0,0,bump radius 12.1 vs median 18.2
P324,324,pad,1,1,single,1086.17,865.76,21.0,42.0,1385.4,,,0.3,0.85,1,
B324,324,bump,1,1,single,1086.26,865.76,18.87,37.74,1118.9,,,0.28,0.94,1,
P325,325,pad,1,1,single,1117.34,892.23,20.61,41.22,1334.4,,,0.31,0.88,1,
B325,325,bump,1,1,single,1116.97,892.13,18.09,36.18,1028.4,,,0.31,0.99,1,
P326,326,pad,2,2,single,1378.07,860.94,17.68,35.35,981.7,,,0.47,0.82,0,bump radius 12.2 vs median 18.0
B326,326,bump,2,2,single,1382.65,862.16,12.23,24.46,470.0,,,0.59,0.96,0,bump radius 12.2 vs median 18.0
P327,327,pad,2,2,single,42.32,924.46,20.98,41.95,1382.4,,,0.61,0.86,1,
B327,327,bump,2,2,single,42.32,924.46,18.85,37.69,1115.8,,,0.35,0.92,1,
P328,328,pad,2,2,single,83.59,904.49,15.85,31.7,789.2,,,0.49,0.92,0,no bump circle
P329,329,pad,2,2,single,151.06,907.82,20.18,40.36,1279.2,,,0.34,0.86,1,
B329,329,bump,2,2,single,150.34,907.37,17.5,35.01,962.4,,,0.31,1.0,1,
P330,330,pad,1,1,single,201.57,922.38,20.63,41.26,1337.2,,,0.26,0.71,1,
B330,330,bump,1,1,single,200.8,921.98,18.48,36.95,1072.4,,,0.26,0.92,1,
P331,331,pad,1,1,single,361.73,920.03,19.82,39.65,1234.5,,,0.21,0.68,0,no bump circle
P332,332,pad,1,1,single,408.08,903.3,15.97,31.95,801.6,,,0.84,0.99,0,bump radius 13.1 vs median 18.2
B332,332,bump,1,1,single,408.08,903.3,13.05,26.1,535.1,,,0.3,0.86,0,bump radius 13.1 vs median 18.2
P333,333,pad,1,1,single,471.94,902.31,20.48,40.97,1318.0,,,0.32,0.88,1,
B333,333,bump,1,1,single,471.99,902.6,17.97,35.93,1013.9,,,0.31,1.0,1,
P334,334,pad,1,1,single,523.1,917.34,21.0,41.99,1384.8,,,0.4,0.9,1,
B334,334,bump,1,1,single,522.08,916.43,17.57,35.14,969.9,,,0.44,1.0,1,
P335,335,pad,1,1,single,567.16,908.17,18.34,36.69,1057.1,,,0.89,0.93,0,bump radius 12.4 vs median 18.2
B335,335,bump,1,1,single,571.51,908.34,12.36,24.73,480.2,,,0.39,0.96,0,bump radius 12.4 vs median 18.2
P336,336,pad,1,1,single,682.36,915.25,21.18,42.36,1409.2,,,0.42,0.89,1,
B336,336,bump,1,1,single,682.36,915.25,19.54,39.09,1199.9,,,0.34,0.94,1,
P337,337,pad,1,1,single,876.23,938.53,20.88,41.76,1369.3,,,0.31,0.9,1,
B337,337,bump,1,1,single,876.33,938.56,18.49,36.98,1074.0,,,0.22,1.0,1,
P338,338,pad,1,1,single,1004.88,903.99,23.7,47.41,1765.1,,,1.3,0.92,1,
B338,338,bump,1,1,single,1005.7,908.37,18.76,37.51,1105.2,,,0.32,1.0,1,
P339,339,pad,1,1,single,1037.55,936.12,20.61,41.21,1334.0,,,0.28,0.9,1,
B339,339,bump,1,1,single,1037.48,936.42,18.16,36.32,1036.1,,,0.3,1.0,1,
P340,340,pad,1,1,single,1166.71,907.22,21.36,42.73,1433.9,,,0.46,0.86,1,
B340,340,bump,1,1,single,1166.71,907.22,20.14,40.27,1274.0,,,0.28,1.0,1,
P341,341,pad,1,1,single,1197.21,934.58,19.92,39.84,1246.8,,,0.33,1.0,1,
B341,341,bump,1,1,single,1197.33,934.72,17.83,35.67,999.3,,,0.34,1.0,1,
P342,342,pad,2,2,single,1359.9,905.63,20.46,40.93,1315.5,,,0.26,0.96,1,
B342,342,bump,2,2,single,1360.14,905.49,17.89,35.78,1005.4,,,0.27,1.0,1,
P343,343,pad,3,3,two-level,2452.08,939.85,21.83,43.66,1497.0,,,0.3,1.0,1,
B343,343,bump,3,3,two-level,2452.7,941.33,16.92,33.85,899.8,,,0.27,1.0,1,
P344,344,pad,3,3,two-level,2539.62,937.94,23.48,46.95,1731.6,,,1.49,0.22,1,
B344,344,bump,3,3,two-level,2543.26,940.2,17.44,34.89,956.0,,,0.28,1.0,1,
P345,345,pad,2,2,single,70.86,951.93,20.32,40.64,1297.5,,,0.33,0.86,1,
B345,345,bump,2,2,single,70.3,952.61,17.31,34.61,940.9,,,0.36,1.0,1,
P346,346,pad,2,2,single,123.21,967.29,21.0,42.01,1386.0,,,0.39,0.75,1,
B346,346,bump,2,2,single,123.16,967.24,19.16,38.32,1153.2,,,0.35,0.85,1,
P347,347,pad,2,2,single,393.72,946.59,20.64,41.28,1338.3,,,0.32,0.86,1,
B347,347,bump,2,2,single,393.36,946.54,18.42,36.85,1066.3,,,0.3,1.0,1,
P348,348,pad,2,2,single,443.24,961.74,21.04,42.09,1391.1,,,0.36,0.89,1,
B348,348,bump,2,2,single,442.98,961.54,18.0,36.0,1017.9,,,0.28,1.0,1,
P349,349,pad,1,1,single,553.79,943.67,20.74,41.47,1350.9,,,0.27,0.89,1,
B349,349,bump,1,1,single,553.37,943.96,18.68,37.36,1096.5,,,0.26,1.0,1,
P350,350,pad,1,1,single,605.52,960.06,21.2,42.39,1411.6,,,0.24,0.83,1,
B350,350,bump,1,1,single,604.99,959.78,18.97,37.94,1130.5,,,0.33,1.0,1,
P351,351,pad,1,1,single,714.02,942.17,19.08,38.17,1144.2,,,0.33,0.71,1,
B351,351,bump,1,1,single,713.49,942.97,16.94,33.89,901.9,,,0.39,1.0,1,
P352,352,pad,1,1,single,924.91,955.26,20.72,41.44,1348.8,,,0.44,0.82,1,
B352,352,bump,1,1,single,924.91,955.26,18.97,37.93,1130.0,,,0.34,0.89,1,
P353,353,pad,1,1,single,1088.11,952.15,20.92,41.85,1375.4,,,0.25,0.85,1,
B353,353,bump,1,1,single,1087.36,951.27,17.54,35.08,966.4,,,0.35,1.0,1,
P354,354,pad,1,1,single,1119.36,977.9,20.9,41.81,1372.7,,,0.4,0.86,1,
B354,354,bump,1,1,single,1119.42,978.58,18.51,37.01,1076.0,,,0.3,1.0,1,
P355,355,pad,1,1,single,1260.33,968.98,19.14,38.28,1150.7,,,0.44,0.93,0,bump radius 15.4 vs median 18.2
B355,355,bump,1,1,single,1258.29,971.36,15.41,30.83,746.5,,,0.57,0.89,0,bump radius 15.4 vs median 18.2
P356,356,pad,1,1,single,1346.37,966.46,20.76,41.52,1354.1,,,0.34,0.93,1,
B356,356,bump,1,1,single,1346.21,966.54,17.91,35.82,1008.0,,,0.46,1.0,1,
P357,357,pad,3,3,two-level,2360.46,943.38,23.48,46.95,1731.6,,,0.59,0.25,1,
B357,357,bump,3,3,two-level,2363.1,942.78,16.7,33.4,876.3,,,0.32,1.0,1,
P358,358,pad,2,2,single,152.9,994.11,20.52,41.03,1322.3,,,0.33,0.86,1,
B358,358,bump,2,2,single,152.58,993.89,18.02,36.05,1020.4,,,0.31,0.97,1,
P359,359,pad,2,2,single,197.63,984.31,19.2,38.4,1158.2,,,0.91,0.94,0,bump radius 15.8 vs median 18.0
B359,359,bump,2,2,single,197.63,984.31,15.78,31.56,782.2,,,0.77,0.85,0,bump radius 15.8 vs median 18.0
P360,360,pad,2,2,two-level,406.18,1017.89,23.34,46.68,1711.2,,,1.89,0.33,0,inner fit unreliable
B360,360,bump,2,2,two-level,407.52,1017.54,14.35,28.71,647.3,,,0.43,0.62,0,inner fit unreliable
P361,361,pad,1,1,single,472.69,988.07,18.82,37.64,1112.6,,,0.23,0.69,1,
B361,361,bump,1,1,single,472.93,988.37,17.53,35.07,965.8,,,0.27,0.88,1,
P362,362,pad,1,1,single,636.0,986.01,20.48,40.95,1317.2,,,0.31,0.88,1,
B362,362,bump,1,1,single,635.83,986.19,17.73,35.46,987.3,,,0.3,1.0,1,
P363,363,pad,1,1,single,684.45,1000.43,21.03,42.06,1389.4,,,0.35,0.89,1,
B363,363,bump,1,1,single,683.64,1000.78,18.84,37.69,1115.6,,,0.3,1.0,1,
P364,364,pad,1,1,single,796.49,984.25,20.16,40.32,1276.7,,,0.27,0.93,1,
B364,364,bump,1,1,single,796.49,984.06,17.94,35.88,1011.0,,,0.33,1.0,1,
P365,365,pad,1,1,single,846.91,998.54,20.68,41.37,1344.0,,,0.33,0.89,1,
B365,365,bump,1,1,single,847.02,999.06,17.77,35.55,992.4,,,0.35,0.96,1,
P366,366,pad,1,1,single,956.33,980.63,19.98,39.96,1254.0,,,0.3,0.82,1,
B366,366,bump,1,1,single,956.15,980.88,17.68,35.36,981.9,,,0.38,1.0,1,
P367,367,pad,1,1,single,1167.3,994.06,20.99,41.98,1383.9,,,0.39,0.9,1,
B367,367,bump,1,1,single,1167.3,994.06,19.9,39.8,1244.2,,,0.28,0.96,1,
P368,368,pad,1,1,single,1293.39,993.84,20.49,40.98,1318.7,,,0.27,0.92,1,
B368,368,bump,1,1,single,1293.48,994.16,18.07,36.13,1025.3,,,0.29,1.0,1,
P369,369,pad,2,2,single,1378.86,992.29,20.46,40.92,1315.2,,,0.32,0.89,1,
B369,369,bump,2,2,single,1379.02,992.19,17.99,35.98,1017.0,,,0.24,1.0,1,
P370,370,pad,5,4,two-level,1687.26,987.82,15.83,31.67,787.6,,,0.62,0.79,0,bump radius 11.7 vs median 14.1
B370,370,bump,5,4,two-level,1688.32,989.4,11.74,23.48,432.9,,,0.59,0.81,0,bump radius 11.7 vs median 14.1
P371,371,pad,2,2,single,126.53,1053.05,18.92,37.84,1124.6,,,0.39,0.69,0,low contrast 46 vs median 99
B371,371,bump,2,2,single,127.67,1052.81,16.99,33.97,906.6,,,0.34,0.78,0,low contrast 46 vs median 99
P372,372,pad,2,2,single,443.12,1048.46,19.74,39.48,1223.9,,,0.55,0.93,1,
B372,372,bump,2,2,single,443.12,1048.46,17.86,35.72,1002.2,,,0.33,1.0,1,
P373,373,pad,2,2,single,716.1,1027.22,20.54,41.08,1325.4,,,0.28,0.97,1,
B373,373,bump,2,2,single,715.43,1027.7,18.18,36.35,1038.0,,,0.31,1.0,1,
P374,374,pad,2,2,single,766.07,1042.67,20.45,40.9,1313.7,,,0.49,0.93,1,
B374,374,bump,2,2,single,766.07,1042.67,19.02,38.03,1136.0,,,0.31,1.0,1,
P375,375,pad,2,2,two-level,812.91,1020.35,23.34,46.68,1711.2,,,1.31,0.36,0,bump radius 13.9 vs median 18.0
B375,375,bump,2,2,two-level,813.39,1020.32,13.88,27.76,605.3,,,0.36,0.89,0,bump radius 13.9 vs median 18.0
P376,376,pad,2,2,single,877.59,1025.51,20.67,41.34,1342.0,,,0.34,0.89,1,
B376,376,bump,2,2,single,877.67,1025.13,18.09,36.18,1028.0,,,0.29,0.97,1,
P377,377,pad,1,1,single,927.24,1040.38,21.09,42.18,1397.0,,,0.31,0.85,1,
B377,377,bump,1,1,single,926.86,1040.7,18.22,36.43,1042.4,,,0.42,1.0,1,
P378,378,pad,2,2,single,1198.76,1020.64,20.28,40.55,1291.6,,,0.24,0.89,1,
B378,378,bump,2,2,single,1198.54,1020.16,17.77,35.54,992.1,,,0.27,1.0,1,
P379,379,pad,2,2,single,1261.71,1053.75,20.13,40.27,1273.5,,,0.29,0.88,1,
B379,379,bump,2,2,single,1261.71,1053.75,18.75,37.5,1104.7,,,0.3,1.0,1,
P380,380,pad,2,2,single,1347.27,1052.15,21.02,42.03,1387.5,,,0.27,0.83,1,
B380,380,bump,2,2,single,1348.14,1052.36,18.73,37.46,1102.1,,,0.25,1.0,1,
P381,381,pad,3,3,single,2029.88,1052.86,14.89,29.78,696.6,,,0.49,0.92,0,bump radius 12.8 vs median 17.1
B381,381,bump,3,3,single,2029.88,1052.86,12.76,25.52,511.4,,,0.34,0.93,0,bump radius 12.8 vs median 17.1
P382,382,pad,3,3,single,2088.29,1052.17,17.67,35.35,981.3,,,0.58,0.94,0,bump radius 14.2 vs median 17.1
B382,382,bump,3,3,single,2088.29,1052.17,14.24,28.48,637.2,,,0.32,0.89,0,bump radius 14.2 vs median 17.1
P383,383,pad,3,3,two-level,2361.48,1032.28,23.48,46.95,1731.6,,,0.73,0.22,1,
B383,383,bump,3,3,two-level,2364.94,1031.75,17.59,35.17,971.7,,,0.34,1.0,1,
P384,384,pad,3,3,two-level,2452.47,1030.44,23.48,46.95,1731.6,,,1.13,0.19,1,
B384,384,bump,3,3,two-level,2454.12,1031.05,17.47,34.93,958.5,,,0.33,1.0,1,
P385,385,pad,3,3,two-level,2541.72,1030.93,23.48,46.95,1731.6,,,1.89,0.26,1,
B385,385,bump,3,3,two-level,2543.47,1030.04,16.32,32.64,836.5,,,0.37,1.0,1,
P386,386,pad,3,3,two-level,2632.94,1027.84,22.13,44.25,1537.9,,,0.32,0.92,1,
B386,386,bump,3,3,two-level,2634.38,1028.38,16.91,33.83,898.8,,,0.32,1.0,1,
P387,387,pad,3,3,two-level,2720.91,1025.1,23.48,46.95,1731.6,,,1.74,0.17,1,
B387,387,bump,3,3,two-level,2722.74,1027.4,16.03,32.06,807.5,,,0.35,1.0,1,
P388,388,pad,2,2,single,153.67,1079.87,20.28,40.57,1292.6,,,0.32,0.89,1,
B388,388,bump,2,2,single,153.67,1080.07,17.78,35.55,992.6,,,0.38,1.0,1,
P389,389,pad,2,2,single,474.41,1075.3,18.81,37.63,1111.9,,,0.34,0.69,1,
B389,389,bump,2,2,single,473.89,1075.36,17.23,34.46,932.7,,,0.3,0.83,1,
P390,390,pad,2,2,single,637.31,1072.15,20.43,40.85,1310.7,,,0.27,0.92,1,
B390,390,bump,2,2,single,636.66,1072.18,18.02,36.05,1020.6,,,0.29,1.0,1,
P391,391,pad,2,2,single,797.49,1069.82,20.1,40.21,1269.9,,,0.3,0.94,1,
B391,391,bump,2,2,single,797.49,1069.82,18.61,37.22,1087.8,,,0.26,1.0,1,
P392,392,pad,1,1,single,957.36,1067.56,18.93,37.86,1125.6,,,0.22,0.83,0,bump radius 15.7 vs median 18.2
B392,392,bump,1,1,single,955.95,1068.29,15.67,31.34,771.4,,,0.57,1.0,0,bump radius 15.7 vs median 18.2
P393,393,pad,1,1,single,1120.81,1064.47,20.2,40.41,1282.4,,,0.31,0.97,1,
B393,393,bump,1,1,single,1120.68,1064.04,17.63,35.26,976.6,,,0.33,1.0,1,
P394,394,pad,2,2,single,1294.61,1079.23,20.93,41.87,1376.6,,,0.26,0.85,1,
B394,394,bump,2,2,single,1294.35,1079.93,18.92,37.85,1125.1,,,0.27,1.0,1,
P395,395,pad,2,2,single,1380.41,1078.23,20.48,40.97,1318.3,,,0.28,0.93,1,
B395,395,bump,2,2,single,1380.19,1078.64,18.08,36.15,1026.4,,,0.29,1.0,1,
P396,396,pad,2,2,single,549.73,1127.17,18.33,36.66,1055.5,,,0.85,0.88,0,bump radius 12.6 vs median 18.0
B396,396,bump,2,2,single,550.47,1130.31,12.61,25.22,499.6,,,0.68,0.92,0,bump radius 12.6 vs median 18.0
P397,397,pad,2,2,single,1089.02,1100.87,13.44,26.88,567.6,,,0.3,0.76,0,bump radius 11.5 vs median 18.0
B397,397,bump,2,2,single,1089.48,1100.13,11.47,22.93,413.1,,,0.28,0.93,0,bump radius 11.5 vs median 18.0
P398,398,pad,3,3,two-level,2362.73,1121.65,23.48,46.95,1731.6,,,1.28,0.22,1,
B398,398,bump,3,3,two-level,2365.85,1121.83,17.88,35.76,1004.1,,,0.3,1.0,1,
P399,399,pad,3,3,two-level,2453.74,1120.69,23.48,46.95,1731.6,,,1.55,0.24,1,
B399,399,bump,3,3,two-level,2456.16,1120.86,17.16,34.33,925.5,,,0.27,1.0,1,
P400,400,pad,3,3,two-level,2541.99,1118.94,23.34,46.68,1711.3,,,0.35,1.0,1,
B400,400,bump,3,3,two-level,2545.32,1119.24,16.99,33.98,906.7,,,0.29,1.0,1,
P401,401,pad,3,3,two-level,2632.34,1116.38,22.65,45.31,1612.1,,,0.34,1.0,1,
B401,401,bump,3,3,two-level,2636.27,1117.71,16.83,33.65,889.5,,,0.31,1.0,1,
P402,402,pad,6,5,two-level,2724.42,1116.4,20.82,41.64,1361.7,,,0.45,1.0,1,
B402,402,bump,6,5,two-level,2724.42,1116.4,17.39,34.77,949.6,,,0.31,1.0,1,
P403,403,pad,2,2,single,1376.18,1217.26,14.46,28.91,656.6,,,0.33,0.74,0,inner fit unreliable
B403,403,bump,2,2,single,1376.15,1223.57,8.69,17.39,237.4,,,0.46,0.68,0,inner fit unreliable
P404,404,pad,3,3,two-level,2542.41,1210.12,23.48,46.95,1731.6,,,0.66,0.15,1,
B404,404,bump,3,3,two-level,2546.25,1208.91,17.29,34.58,939.0,,,0.31,1.0,1,
P405,405,pad,3,3,two-level,2636.57,1206.86,21.32,42.65,1428.4,,,0.36,0.94,1,
B405,405,bump,3,3,two-level,2637.61,1208.17,16.66,33.33,872.2,,,0.36,1.0,1,
P406,406,pad,6,5,two-level,2720.62,1204.55,21.63,43.26,1469.6,,,1.08,0.22,1,
B406,406,bump,6,5,two-level,2724.64,1206.42,17.14,34.27,922.4,,,0.3,1.0,1,
P407,407,pad,3,3,two-level,2365.14,1299.35,23.48,46.95,1731.6,,,0.56,0.22,1,
B407,407,bump,3,3,two-level,2368.37,1301.24,17.78,35.57,993.5,,,0.28,1.0,1,
P408,408,pad,3,3,two-level,2458.74,1299.8,23.48,46.95,1731.6,,,0.88,0.17,1,
B408,408,bump,3,3,two-level,2458.94,1300.02,16.72,33.45,878.7,,,0.32,1.0,1,
P409,409,pad,3,3,two-level,2633.13,1299.06,23.48,46.95,1731.6,,,1.13,0.15,1,
B409,409,bump,3,3,two-level,2638.26,1297.17,17.38,34.77,949.4,,,0.34,1.0,1,
P410,410,pad,6,5,two-level,2724.37,1295.47,21.63,43.26,1469.6,,,1.92,0.19,1,
B410,410,bump,6,5,two-level,2726.0,1297.02,15.58,31.15,762.3,,,0.35,1.0,1,
P411,411,pad,3,3,two-level,2544.66,1300.1,23.48,46.95,1731.6,,,1.54,0.25,1,
B411,411,bump,3,3,two-level,2547.49,1298.68,16.85,33.7,891.9,,,0.31,1.0,1,
P412,412,pad,0,0,single,224.01,1418.43,21.19,42.37,1410.1,,,0.27,0.92,1,
B412,412,bump,0,0,single,223.11,1419.48,17.67,35.34,980.8,,,0.29,1.0,1,
P413,413,pad,3,3,two-level,2367.4,1389.56,23.48,46.95,1731.6,,,1.93,0.17,1,
B413,413,bump,3,3,two-level,2369.88,1390.59,17.22,34.43,931.2,,,0.29,1.0,1,
P414,414,pad,3,3,two-level,2457.62,1388.39,23.48,46.95,1731.6,,,1.36,0.25,1,
B414,414,bump,3,3,two-level,2458.94,1389.5,17.26,34.52,935.9,,,0.34,1.0,1,
P415,415,pad,3,3,two-level,2546.1,1387.45,23.41,46.81,1721.1,,,0.36,1.0,1,
B415,415,bump,3,3,two-level,2548.14,1388.48,17.36,34.72,946.9,,,0.36,1.0,1,
P416,416,pad,3,3,two-level,2637.81,1386.92,21.97,43.94,1516.6,,,0.39,0.94,1,
B416,416,bump,3,3,two-level,2639.04,1386.99,16.67,33.33,872.7,,,0.35,1.0,1,
P417,417,pad,3,3,two-level,2725.2,1385.25,23.48,46.95,1731.6,,,1.81,0.17,1,
B417,417,bump,3,3,two-level,2728.56,1385.76,16.79,33.58,885.6,,,0.31,1.0,1,
P418,418,pad,3,3,two-level,2367.16,1481.48,23.48,46.95,1731.6,,,1.32,0.17,1,
B418,418,bump,3,3,two-level,2370.82,1480.64,17.34,34.67,944.2,,,0.28,1.0,1,
P419,419,pad,3,3,two-level,2458.52,1478.31,22.4,44.79,1575.9,,,0.42,1.0,1,
B419,419,bump,3,3,two-level,2460.54,1479.01,17.06,34.12,914.3,,,0.3,1.0,1,
P420,420,pad,3,3,two-level,2546.88,1477.42,22.92,45.84,1650.5,,,0.47,1.0,1,
B420,420,bump,3,3,two-level,2550.25,1477.39,17.42,34.85,953.7,,,0.26,1.0,1,
P421,421,pad,3,3,single,2037.94,1566.47,15.22,30.45,728.2,,,0.33,0.79,0,bump radius 12.9 vs median 17.1
B421,421,bump,3,3,single,2037.81,1566.2,12.89,25.78,522.1,,,0.35,0.96,0,bump radius 12.9 vs median 17.1
P422,422,pad,3,3,single,2093.84,1563.95,15.45,30.91,750.3,,,0.39,0.96,0,bump radius 13.2 vs median 17.1
B422,422,bump,3,3,single,2093.84,1563.95,13.19,26.38,546.5,,,0.36,0.99,0,bump radius 13.2 vs median 17.1
P423,423,pad,3,3,two-level,2369.73,1569.66,22.98,45.95,1658.5,,,0.35,0.96,1,
B423,423,bump,3,3,two-level,2372.61,1569.9,17.6,35.19,972.6,,,0.37,1.0,1,
P424,424,pad,3,3,two-level,2460.11,1567.48,21.04,42.09,1391.2,,,0.43,1.0,1,
B424,424,bump,3,3,two-level,2460.16,1568.13,16.89,33.77,895.9,,,0.34,1.0,1,
P425,425,pad,3,3,two-level,2548.91,1565.37,23.48,46.95,1731.6,,,1.3,0.15,1,
B425,425,bump,3,3,two-level,2551.37,1567.42,17.82,35.65,997.9,,,0.33,1.0,1,
P426,426,pad,3,3,two-level,2635.06,1567.07,23.48,46.95,1731.6,,,1.07,0.14,1,
B426,426,bump,3,3,two-level,2641.01,1565.84,16.95,33.9,902.6,,,0.29,1.0,1,
P427,427,pad,3,3,two-level,2727.72,1563.73,22.42,44.83,1578.8,,,0.37,1.0,1,
B427,427,bump,3,3,two-level,2730.19,1564.02,16.73,33.45,879.0,,,0.3,1.0,1,
P428,428,pad,0,7,single,1148.31,1593.02,19.22,38.44,1160.5,,,0.38,1.0,1,
B428,428,bump,0,7,single,1148.31,1593.02,17.1,34.2,918.7,,,0.32,1.0,1,
P429,429,pad,0,0,single,1664.53,1584.73,20.2,40.39,1281.5,,,0.31,0.97,1,
B429,429,bump,0,0,single,1664.58,1585.05,17.06,34.13,914.8,,,0.24,1.0,1,
P430,430,pad,3,3,two-level,2370.71,1658.36,23.48,46.95,1731.6,,,1.25,0.18,1,
B430,430,bump,3,3,two-level,2373.54,1659.66,17.27,34.54,937.2,,,0.39,1.0,1,
P431,431,pad,3,3,two-level,2461.02,1656.44,23.48,46.95,1731.6,,,1.42,0.14,1,
B431,431,bump,3,3,two-level,2462.78,1657.1,16.84,33.68,890.8,,,0.32,1.0,1,
P432,432,pad,3,3,two-level,2549.62,1655.49,23.48,46.95,1731.6,,,2.09,0.22,1,
B432,432,bump,3,3,two-level,2552.69,1656.42,17.63,35.26,976.7,,,0.35,1.0,1,
P433,433,pad,3,3,two-level,2639.57,1653.82,22.98,45.95,1658.6,,,0.34,1.0,1,
B433,433,bump,3,3,two-level,2642.86,1655.05,17.2,34.39,928.9,,,0.46,1.0,1,
P434,434,pad,6,5,two-level,2731.24,1654.58,21.77,43.55,1489.4,,,0.32,0.93,1,
B434,434,bump,6,5,two-level,2732.02,1654.12,17.53,35.07,965.9,,,0.38,1.0,1,
P435,435,pad,3,3,two-level,2247.0,1667.18,14.93,29.85,699.9,,,0.37,0.82,0,bump radius 10.5 vs median 17.1
B435,435,bump,3,3,two-level,2251.25,1667.43,10.46,20.93,344.0,,,0.34,0.93,0,bump radius 10.5 vs median 17.1
P436,436,pad,3,3,two-level,2551.46,1742.77,23.48,46.95,1731.6,,,0.96,0.17,1,
B436,436,bump,3,3,two-level,2553.37,1745.86,17.3,34.61,940.7,,,0.37,1.0,1,
P437,437,pad,3,3,two-level,2642.6,1743.94,22.61,45.22,1606.3,,,0.4,0.99,1,
B437,437,bump,3,3,two-level,2644.49,1745.14,17.32,34.64,942.4,,,0.35,1.0,1,
P438,438,pad,6,5,two-level,2728.59,1742.3,22.92,45.84,1650.7,,,0.39,1.0,1,
B438,438,bump,6,5,two-level,2732.66,1742.89,17.38,34.76,948.8,,,0.28,1.0,1,
P439,439,pad,0,7,single,894.07,1854.31,20.35,40.69,1300.6,,,0.36,0.94,1,
B439,439,bump,0,7,single,893.76,1855.08,16.78,33.57,885.1,,,0.29,1.0,1,
P440,440,pad,0,7,single,1410.72,1846.55,20.78,41.57,1357.2,,,0.34,0.96,1,
B440,440,bump,0,7,single,1410.2,1846.76,17.83,35.67,999.2,,,0.34,1.0,1,
P441,441,pad,6,5,single,1928.61,1838.77,20.36,40.72,1302.3,,,0.36,0.97,1,
B441,441,bump,6,5,single,1927.97,1838.9,17.05,34.1,913.3,,,0.31,1.0,1,
P442,442,pad,3,3,two-level,2371.71,1837.94,23.48,46.95,1731.6,,,1.01,0.21,1,
B442,442,bump,3,3,two-level,2375.31,1838.45,17.19,34.39,928.6,,,0.33,1.0,1,
P443,443,pad,3,3,two-level,2458.88,1837.2,23.48,46.95,1731.6,,,1.25,0.22,1,
B443,443,bump,3,3,two-level,2465.53,1837.3,17.35,34.7,945.4,,,0.45,1.0,1,
P444,444,pad,3,3,two-level,2555.34,1836.02,20.47,40.93,1316.0,,,0.48,1.0,1,
B444,444,bump,3,3,two-level,2555.34,1836.02,17.75,35.49,989.3,,,0.36,1.0,1,
P445,445,pad,3,3,two-level,2643.09,1832.69,23.11,46.22,1677.5,,,0.36,1.0,1,
B445,445,bump,3,3,two-level,2645.18,1833.84,16.99,33.99,907.2,,,0.5,1.0,1,
P446,446,pad,6,5,two-level,2726.66,1829.96,21.63,43.26,1469.6,,,2.08,0.21,1,
B446,446,bump,6,5,two-level,2734.04,1833.35,16.64,33.27,869.6,,,0.5,1.0,1,
P447,447,pad,3,3,two-level,1991.55,1929.57,23.48,46.95,1731.6,,,2.11,0.31,0,bump radius 14.1 vs median 17.1
B447,447,bump,3,3,two-level,1992.95,1929.04,14.08,28.17,623.0,,,0.51,0.82,0,bump radius 14.1 vs median 17.1
P448,448,pad,3,3,two-level,2374.4,1926.19,23.48,46.95,1731.6,,,1.66,0.28,1,
B448,448,bump,3,3,two-level,2377.55,1927.93,17.41,34.81,952.0,,,0.33,1.0,1,
P449,449,pad,3,3,two-level,2464.46,1924.62,22.77,45.54,1628.7,,,0.52,1.0,1,
B449,449,bump,3,3,two-level,2467.42,1925.88,17.43,34.86,954.4,,,0.32,1.0,1,
P450,450,pad,3,3,two-level,2554.04,1923.97,22.36,44.71,1570.2,,,0.5,1.0,1,
B450,450,bump,3,3,two-level,2556.31,1925.0,17.05,34.09,912.8,,,0.32,1.0,1,
P451,451,pad,3,3,two-level,2643.65,1920.07,23.48,46.95,1731.6,,,1.16,0.53,1,
B451,451,bump,3,3,two-level,2642.47,1920.6,15.11,30.22,717.2,,,0.32,1.0,1,
P452,452,pad,3,3,two-level,2731.46,1920.94,23.48,46.95,1731.6,,,1.24,0.31,1,
B452,452,bump,3,3,two-level,2734.65,1920.84,16.03,32.06,807.4,,,0.42,1.0,1,
P453,453,pad,4,0,single,123.6,1942.53,15.53,31.05,757.3,,,0.47,0.93,0,inner fit unreliable
B453,453,bump,4,0,single,126.15,1942.48,11.42,22.83,409.5,,,0.36,0.99,0,inner fit unreliable
P454,454,pad,3,3,single,2101.01,1948.97,16.25,32.5,829.4,,,0.54,0.86,0,"inner fit poor (rms 0.54, cov 0.64)"
B454,454,bump,3,3,single,2101.01,1948.97,14.08,28.16,622.7,,,0.54,0.64,0,"inner fit poor (rms 0.54, cov 0.64)"
P455,455,pad,7,0,two-level,25.19,2010.86,19.59,39.17,1205.1,,,0.59,0.74,0,near image border
B455,455,bump,7,0,two-level,25.52,2012.07,13.78,27.55,596.1,,,0.42,0.75,0,near image border
P456,456,pad,3,3,two-level,2376.55,2039.15,23.48,46.95,1731.6,,,2.11,0.25,1,
B456,456,bump,3,3,two-level,2379.08,2040.97,17.59,35.18,971.9,,,0.33,1.0,1,
P457,457,pad,3,3,two-level,2466.08,2036.17,23.48,46.95,1731.6,,,2.24,0.18,1,
B457,457,bump,3,3,two-level,2469.11,2040.03,17.2,34.41,929.8,,,0.41,1.0,1,
P458,458,pad,3,3,two-level,2553.89,2039.44,23.48,46.95,1731.6,,,0.95,0.33,1,
B458,458,bump,3,3,two-level,2555.84,2038.51,15.96,31.92,800.3,,,0.37,1.0,1,
P459,459,pad,7,0,single,305.6,2136.49,19.55,39.1,1200.7,,,0.81,0.86,0,near image border
B459,459,bump,7,0,single,305.6,2136.49,16.68,33.36,874.3,,,0.63,0.88,0,near image border
P460,460,pad,0,7,single,1156.14,2109.29,19.68,39.35,1216.3,,,0.51,1.0,1,
B460,460,bump,0,7,single,1156.14,2109.29,17.3,34.59,939.7,,,0.27,1.0,1,
P461,461,pad,0,7,single,1673.14,2100.48,20.53,41.06,1324.1,,,0.32,1.0,1,
B461,461,bump,0,7,single,1673.23,2101.38,16.97,33.94,904.7,,,0.29,1.0,1,
P462,462,pad,6,6,two-level,2045.47,2106.61,17.21,34.42,930.6,,,0.77,1.0,0,bump radius 12.3 vs median 16.8
B462,462,bump,6,6,two-level,2044.94,2102.96,12.32,24.63,476.5,,,0.44,0.93,0,bump radius 12.3 vs median 16.8
P463,463,pad,6,6,single,2102.96,2101.05,15.71,31.42,775.1,,,0.45,0.97,0,bump radius 13.2 vs median 16.8
B463,463,bump,6,6,single,2102.96,2101.05,13.22,26.43,548.8,,,0.34,0.99,0,bump radius 13.2 vs median 16.8
P464,464,pad,6,5,two-level,2374.62,2125.54,21.63,43.26,1469.6,,,1.65,0.26,1,
B464,464,bump,6,5,two-level,2380.38,2130.96,18.07,36.13,1025.3,,,0.32,1.0,1,
P465,465,pad,6,5,two-level,2463.35,2126.36,21.63,43.26,1469.6,,,1.54,0.25,1,
B465,465,bump,6,5,two-level,2469.53,2129.17,16.75,33.5,881.6,,,0.36,1.0,1,
P466,466,pad,6,5,two-level,2553.34,2126.95,21.63,43.26,1469.6,,,2.31,0.28,1,
B466,466,bump,6,5,two-level,2558.85,2127.76,16.78,33.56,884.4,,,0.38,1.0,1,
P467,467,pad,6,5,two-level,2645.43,2126.08,21.63,43.26,1469.6,,,1.46,0.21,1,
B467,467,bump,6,5,two-level,2649.15,2127.18,17.02,34.03,909.6,,,0.4,1.0,1,
P468,468,pad,0,0,two-level,2731.95,2121.23,22.36,44.72,1570.4,,,1.72,0.28,1,
B468,468,bump,0,0,two-level,2737.93,2125.06,17.71,35.41,984.9,,,0.4,1.0,1,
P469,469,pad,0,0,two-level,2000.72,2143.17,22.36,44.72,1570.4,,,0.98,0.15,0,near image border
B469,469,bump,0,0,two-level,2001.96,2143.06,12.43,24.86,485.4,,,0.74,0.71,0,near image border
P470,470,pad,0,0,two-level,2048.33,2141.11,22.36,44.72,1570.4,,,2.27,0.21,0,near image border
B470,470,bump,0,0,two-level,2048.0,2139.74,12.3,24.61,475.6,,,0.47,0.96,0,near image border
P471,471,pad,6,5,two-level,2110.7,2145.41,21.63,43.26,1469.6,,,1.86,0.35,0,near image border
B471,471,bump,6,5,two-level,2114.38,2141.75,10.24,20.47,329.1,,,0.56,1.0,0,near image border
